byte bbpopupgif_greens[37][10][15]=
  {  {0, 0, 0, 0, 0, 0, 0, 0, 0, 0, 0, 0, 0, 0, 0}, 
  {0, 0, 0, 0, 0, 0, 0, 0, 0, 0, 0, 0, 0, 0, 0}, 
  {0, 0, 0, 0, 0, 0, 0, 0, 0, 0, 0, 0, 0, 0, 0}, 
  {0, 0, 0, 0, 0, 0, 0, 0, 0, 0, 0, 0, 0, 0, 0}, 
  {0, 0, 0, 0, 0, 0, 0, 0, 0, 0, 0, 0, 0, 0, 0}, 
  {0, 0, 0, 0, 0, 0, 0, 0, 0, 0, 0, 0, 0, 0, 0}, 
  {0, 0, 0, 0, 0, 0, 0, 0, 0, 0, 0, 0, 0, 0, 0}, 
  {0, 0, 0, 0, 0, 0, 0, 0, 0, 0, 0, 0, 0, 0, 0}, 
  {0, 0, 0, 0, 0, 0, 0, 0, 0, 0, 0, 0, 0, 0, 0}, 
  {0, 0, 0, 0, 0, 0, 0, 0, 0, 0, 0, 0, 0, 0, 0}
}, 
  {  {0, 0, 0, 0, 0, 0, 0, 0, 0, 0, 0, 0, 0, 0, 0}, 
  {0, 0, 0, 0, 0, 0, 0, 0, 0, 0, 0, 0, 0, 0, 0}, 
  {0, 0, 0, 0, 0, 0, 0, 0, 0, 0, 0, 0, 0, 0, 0}, 
  {0, 0, 0, 0, 0, 0, 0, 0, 0, 0, 0, 0, 0, 0, 0}, 
  {0, 0, 0, 0, 0, 0, 0, 0, 0, 0, 0, 0, 0, 0, 0}, 
  {0, 0, 0, 0, 0, 0, 0, 0, 0, 0, 0, 0, 0, 0, 0}, 
  {0, 0, 0, 0, 0, 0, 0, 0, 0, 0, 0, 0, 0, 0, 0}, 
  {0, 0, 0, 0, 0, 0, 0, 0, 0, 0, 0, 0, 0, 0, 0}, 
  {0, 0, 0, 0, 0, 0, 0, 0, 0, 0, 0, 0, 0, 0, 0}, 
  {0, 0, 0, 0, 0, 0, 0, 0, 0, 0, 0, 0, 0, 0, 0}
}, 
  {  {0, 0, 0, 0, 0, 0, 0, 0, 0, 0, 0, 0, 0, 0, 0}, 
  {0, 0, 0, 0, 0, 0, 0, 0, 0, 0, 0, 0, 0, 0, 0}, 
  {0, 0, 0, 0, 0, 0, 0, 0, 0, 0, 0, 0, 0, 0, 0}, 
  {0, 0, 0, 0, 0, 0, 0, 0, 0, 0, 0, 0, 0, 0, 0}, 
  {0, 0, 0, 0, 0, 0, 0, 0, 0, 0, 0, 0, 0, 0, 0}, 
  {0, 0, 0, 0, 0, 0, 0, 0, 0, 0, 0, 0, 0, 0, 0}, 
  {0, 0, 0, 0, 0, 0, 0, 0, 0, 0, 0, 0, 0, 0, 0}, 
  {0, 0, 0, 0, 0, 0, 0, 0, 0, 0, 0, 0, 0, 0, 0}, 
  {0, 0, 0, 0, 0, 0, 0, 0, 0, 0, 0, 0, 0, 0, 0}, 
  {0, 0, 0, 0, 0, 0, 0, 0, 0, 0, 0, 0, 0, 0, 0}
}, 
  {  {0, 0, 0, 0, 0, 0, 0, 0, 0, 0, 0, 0, 0, 0, 0}, 
  {0, 0, 0, 0, 0, 0, 0, 0, 0, 0, 0, 0, 0, 0, 0}, 
  {0, 0, 0, 0, 0, 0, 0, 0, 0, 0, 0, 0, 0, 0, 0}, 
  {0, 0, 0, 0, 0, 0, 0, 0, 0, 0, 0, 0, 0, 0, 0}, 
  {0, 0, 0, 0, 0, 0, 0, 0, 0, 0, 0, 0, 0, 0, 0}, 
  {0, 0, 0, 0, 0, 0, 0, 0, 0, 0, 0, 0, 0, 0, 0}, 
  {0, 0, 0, 0, 0, 0, 0, 0, 0, 0, 0, 0, 0, 0, 0}, 
  {0, 0, 0, 0, 0, 0, 0, 0, 0, 0, 0, 0, 0, 0, 0}, 
  {0, 0, 0, 0, 0, 0, 0, 0, 0, 0, 0, 0, 0, 0, 0}, 
  {0, 0, 0, 0, 0, 0, 0, 0, 0, 0, 0, 0, 0, 0, 0}
}, 
  {  {0, 0, 0, 0, 0, 0, 0, 0, 0, 0, 0, 0, 0, 0, 0}, 
  {0, 0, 0, 0, 0, 0, 0, 0, 0, 0, 0, 0, 0, 0, 0}, 
  {0, 0, 0, 0, 0, 0, 0, 0, 0, 0, 0, 0, 0, 0, 0}, 
  {0, 0, 0, 0, 0, 0, 0, 0, 0, 0, 0, 0, 0, 0, 0}, 
  {0, 0, 0, 0, 0, 0, 0, 0, 0, 0, 0, 0, 0, 0, 0}, 
  {0, 0, 0, 0, 0, 0, 0, 0, 0, 0, 0, 0, 0, 0, 0}, 
  {0, 0, 0, 0, 0, 0, 0, 0, 0, 0, 0, 0, 0, 0, 0}, 
  {0, 0, 0, 0, 0, 0, 0, 0, 0, 0, 0, 0, 0, 0, 0}, 
  {0, 0, 0, 0, 0, 0, 0, 0, 0, 0, 0, 0, 0, 0, 0}, 
  {0, 0, 0, 0, 0, 0, 0, 0, 0, 0, 0, 0, 0, 0, 0}
}, 
  {  {0, 0, 0, 0, 0, 0, 0, 0, 0, 0, 0, 0, 0, 0, 0}, 
  {0, 0, 0, 0, 0, 0, 0, 0, 0, 0, 0, 0, 0, 0, 0}, 
  {0, 0, 0, 0, 0, 0, 0, 0, 0, 0, 0, 0, 0, 0, 0}, 
  {0, 0, 0, 0, 0, 0, 0, 0, 0, 0, 0, 0, 0, 0, 0}, 
  {0, 0, 0, 0, 0, 0, 0, 0, 0, 0, 0, 0, 0, 0, 0}, 
  {0, 0, 0, 0, 0, 0, 0, 0, 0, 0, 0, 0, 0, 0, 0}, 
  {0, 0, 0, 0, 0, 0, 0, 0, 0, 0, 0, 0, 0, 0, 0}, 
  {0, 0, 0, 0, 0, 0, 0, 0, 0, 0, 0, 0, 0, 0, 0}, 
  {0, 0, 0, 0, 0, 0, 0, 0, 0, 0, 0, 0, 0, 0, 0}, 
  {0, 0, 0, 0, 0, 0, 0, 0, 0, 0, 0, 0, 0, 0, 102}
}, 
  {  {0, 0, 0, 0, 0, 0, 0, 0, 0, 0, 0, 0, 0, 0, 0}, 
  {0, 0, 0, 0, 0, 0, 0, 0, 0, 0, 0, 0, 0, 0, 0}, 
  {0, 0, 0, 0, 0, 0, 0, 0, 0, 0, 0, 0, 0, 0, 0}, 
  {0, 0, 0, 0, 0, 0, 0, 0, 0, 0, 0, 0, 0, 0, 0}, 
  {0, 0, 0, 0, 0, 0, 0, 0, 0, 0, 0, 0, 0, 0, 0}, 
  {0, 0, 0, 0, 0, 0, 0, 0, 0, 0, 0, 0, 0, 0, 0}, 
  {0, 0, 0, 0, 0, 0, 0, 0, 0, 0, 0, 0, 0, 0, 0}, 
  {0, 0, 0, 0, 0, 0, 0, 0, 0, 0, 0, 0, 0, 0, 0}, 
  {0, 0, 0, 0, 0, 0, 0, 0, 0, 0, 0, 0, 0, 102, 102}, 
  {0, 0, 0, 0, 0, 0, 0, 0, 0, 0, 0, 0, 153, 153, 153}
}, 
  {  {0, 0, 0, 0, 0, 0, 0, 0, 0, 0, 0, 0, 0, 0, 0}, 
  {0, 0, 0, 0, 0, 0, 0, 0, 0, 0, 0, 0, 0, 0, 0}, 
  {0, 0, 0, 0, 0, 0, 0, 0, 0, 0, 0, 0, 0, 0, 0}, 
  {0, 0, 0, 0, 0, 0, 0, 0, 0, 0, 0, 0, 0, 0, 0}, 
  {0, 0, 0, 0, 0, 0, 0, 0, 0, 0, 0, 0, 0, 0, 0}, 
  {0, 0, 0, 0, 0, 0, 0, 0, 0, 0, 0, 0, 0, 0, 0}, 
  {0, 0, 0, 0, 0, 0, 0, 0, 0, 0, 0, 0, 0, 0, 0}, 
  {0, 0, 0, 0, 0, 0, 0, 0, 0, 0, 153, 250, 0, 0, 253}, 
  {0, 0, 0, 0, 0, 0, 0, 0, 0, 0, 0, 0, 102, 102, 102}, 
  {0, 0, 0, 0, 0, 0, 0, 0, 0, 0, 153, 153, 153, 153, 153}
}, 
  {  {0, 0, 0, 0, 0, 0, 0, 0, 0, 0, 0, 0, 0, 0, 0}, 
  {0, 0, 0, 0, 0, 0, 0, 0, 0, 0, 0, 0, 0, 0, 0}, 
  {0, 0, 0, 0, 0, 0, 0, 0, 0, 0, 0, 0, 0, 0, 0}, 
  {0, 0, 0, 0, 0, 0, 0, 0, 0, 0, 0, 0, 0, 0, 0}, 
  {0, 0, 0, 0, 0, 0, 0, 0, 0, 0, 0, 0, 0, 0, 0}, 
  {0, 0, 0, 0, 0, 0, 0, 0, 0, 0, 0, 0, 0, 0, 0}, 
  {0, 0, 0, 0, 0, 0, 0, 0, 0, 0, 0, 102, 102, 102, 0}, 
  {0, 0, 0, 0, 0, 0, 0, 0, 0, 0, 255, 255, 255, 255, 255}, 
  {0, 0, 0, 0, 0, 0, 0, 0, 0, 153, 249, 0, 0, 253, 153}, 
  {0, 0, 0, 0, 0, 0, 0, 0, 0, 255, 249, 0, 0, 255, 255}
}, 
  {  {0, 0, 0, 0, 0, 0, 0, 0, 0, 0, 0, 0, 0, 0, 0}, 
  {0, 0, 0, 0, 0, 0, 0, 0, 0, 0, 0, 0, 0, 0, 0}, 
  {0, 0, 0, 0, 0, 0, 0, 0, 0, 0, 0, 0, 0, 0, 0}, 
  {0, 0, 0, 0, 0, 0, 0, 0, 0, 0, 0, 0, 0, 0, 0}, 
  {0, 0, 0, 0, 0, 0, 0, 0, 0, 0, 0, 0, 0, 0, 0}, 
  {0, 0, 0, 0, 0, 0, 0, 0, 0, 0, 102, 102, 102, 0, 0}, 
  {0, 0, 0, 0, 0, 0, 0, 0, 0, 255, 255, 255, 255, 255, 0}, 
  {0, 0, 0, 0, 0, 0, 0, 0, 153, 248, 0, 0, 252, 153, 153}, 
  {0, 0, 0, 0, 0, 0, 0, 0, 255, 248, 0, 0, 255, 255, 255}, 
  {0, 0, 0, 0, 0, 0, 0, 0, 102, 0, 255, 255, 255, 252, 153}
}
  {  {0, 0, 0, 0, 0, 0, 0, 0, 0, 0, 0, 0, 0, 0, 0}, 
  {0, 0, 0, 0, 0, 0, 0, 0, 0, 0, 0, 0, 0, 0, 0}, 
  {0, 0, 0, 0, 0, 0, 0, 0, 0, 0, 0, 0, 0, 0, 0}, 
  {0, 0, 0, 0, 0, 0, 0, 0, 0, 0, 0, 0, 0, 0, 0}, 
  {0, 0, 0, 0, 0, 0, 0, 0, 0, 102, 102, 102, 0, 0, 0}, 
  {0, 0, 0, 0, 0, 0, 0, 0, 255, 255, 255, 255, 255, 0, 0}, 
  {0, 0, 0, 0, 0, 0, 0, 153, 248, 0, 0, 252, 153, 153, 0}, 
  {0, 0, 0, 0, 0, 0, 0, 255, 248, 0, 0, 255, 255, 255, 0}, 
  {0, 0, 0, 0, 0, 0, 0, 102, 0, 255, 255, 255, 252, 153, 0}, 
  {0, 0, 0, 0, 0, 0, 0, 0, 102, 102, 102, 102, 102, 0, 0}
}
  {  {0, 0, 0, 0, 0, 0, 0, 0, 0, 0, 0, 0, 0, 0, 0}, 
  {0, 0, 0, 0, 0, 0, 0, 0, 0, 0, 0, 0, 0, 0, 0}, 
  {0, 0, 0, 0, 0, 0, 0, 0, 0, 0, 0, 0, 0, 0, 0}, 
  {0, 0, 0, 0, 0, 0, 0, 0, 102, 102, 102, 0, 0, 0, 0}, 
  {0, 0, 0, 0, 0, 0, 0, 255, 255, 255, 255, 255, 0, 0, 0}, 
  {0, 0, 0, 0, 0, 0, 153, 247, 0, 0, 252, 153, 153, 0, 0}, 
  {0, 0, 0, 0, 0, 0, 255, 247, 0, 0, 255, 255, 255, 0, 0}, 
  {0, 0, 0, 0, 0, 0, 102, 0, 255, 255, 255, 252, 153, 0, 0}, 
  {0, 0, 0, 0, 0, 0, 0, 102, 102, 102, 102, 102, 0, 0, 0}, 
  {0, 0, 0, 0, 0, 0, 255, 255, 255, 255, 255, 252, 153, 0, 0}
}
  {  {0, 0, 0, 0, 0, 0, 0, 0, 0, 0, 0, 0, 0, 0, 0}, 
  {0, 0, 0, 0, 0, 0, 0, 0, 0, 0, 0, 0, 0, 0, 0}, 
  {0, 0, 0, 0, 0, 0, 0, 102, 102, 102, 0, 0, 0, 0, 0}, 
  {0, 0, 0, 0, 0, 0, 255, 255, 255, 255, 255, 0, 0, 0, 0}, 
  {0, 0, 0, 0, 0, 153, 246, 0, 0, 251, 153, 153, 0, 0, 0}, 
  {0, 0, 0, 0, 0, 255, 246, 0, 0, 255, 255, 255, 0, 0, 0}, 
  {0, 0, 0, 0, 0, 102, 0, 255, 255, 255, 251, 153, 0, 0, 0}, 
  {0, 0, 0, 0, 0, 0, 102, 102, 102, 102, 102, 0, 0, 0, 0}, 
  {0, 0, 0, 0, 0, 255, 255, 255, 255, 255, 251, 153, 0, 0, 0}, 
  {0, 0, 0, 0, 255, 255, 255, 255, 255, 251, 153, 102, 102, 0, 0}
}
  {  {0, 0, 0, 0, 0, 0, 0, 0, 0, 0, 0, 0, 0, 0, 0}, 
  {0, 0, 0, 0, 0, 0, 102, 102, 102, 0, 0, 0, 0, 0, 0}, 
  {0, 0, 0, 0, 0, 255, 255, 255, 255, 255, 0, 0, 0, 0, 0}, 
  {0, 0, 0, 0, 153, 245, 0, 0, 251, 153, 153, 0, 0, 0, 0}, 
  {0, 0, 0, 0, 255, 245, 0, 0, 255, 255, 255, 0, 0, 0, 0}, 
  {0, 0, 0, 0, 102, 0, 255, 255, 255, 251, 153, 0, 0, 0, 0}, 
  {0, 0, 0, 0, 0, 102, 102, 102, 102, 102, 0, 0, 0, 0, 0}, 
  {0, 0, 0, 0, 255, 255, 255, 255, 255, 251, 153, 0, 0, 0, 0}, 
  {0, 0, 0, 255, 255, 255, 255, 255, 251, 153, 102, 102, 0, 0, 0}, 
  {0, 0, 0, 153, 153, 153, 255, 255, 251, 153, 102, 255, 0, 0, 0}
}
  {  {0, 0, 0, 0, 0, 0, 0, 0, 0, 0, 0, 0, 0, 0, 0}, 
  {0, 0, 0, 0, 0, 0, 102, 102, 102, 0, 0, 0, 0, 0, 0}, 
  {0, 0, 0, 0, 0, 255, 255, 255, 255, 255, 0, 0, 0, 0, 0}, 
  {0, 0, 0, 0, 153, 153, 245, 0, 0, 251, 153, 0, 0, 0, 0}, 
  {0, 0, 0, 0, 255, 255, 245, 0, 0, 255, 255, 0, 0, 0, 0}, 
  {0, 0, 0, 0, 153, 255, 255, 255, 245, 0, 102, 0, 0, 0, 0}, 
  {0, 0, 0, 0, 0, 102, 102, 102, 102, 102, 0, 0, 0, 0, 0}, 
  {0, 0, 0, 0, 255, 255, 255, 255, 255, 251, 153, 0, 0, 0, 0}, 
  {0, 0, 0, 255, 255, 255, 255, 255, 251, 153, 102, 102, 0, 0, 0}, 
  {0, 0, 0, 153, 153, 153, 255, 255, 251, 153, 102, 255, 0, 0, 0}
}
  {  {0, 0, 0, 0, 0, 0, 0, 0, 0, 0, 0, 0, 0, 0, 0}, 
  {0, 0, 0, 0, 0, 0, 102, 102, 102, 0, 0, 0, 0, 0, 0}, 
  {0, 0, 0, 0, 0, 255, 255, 255, 255, 255, 0, 0, 0, 0, 0}, 
  {0, 0, 0, 0, 153, 153, 245, 0, 0, 251, 153, 0, 0, 0, 0}, 
  {0, 0, 0, 0, 255, 255, 245, 0, 0, 255, 255, 0, 0, 0, 0}, 
  {0, 0, 0, 0, 153, 255, 255, 255, 245, 0, 102, 0, 0, 0, 0}, 
  {0, 0, 0, 0, 0, 102, 102, 102, 102, 102, 0, 0, 0, 0, 0}, 
  {0, 0, 0, 0, 255, 255, 255, 255, 255, 251, 153, 0, 0, 0, 0}, 
  {0, 0, 0, 255, 255, 255, 255, 255, 251, 153, 102, 102, 0, 0, 0}, 
  {0, 0, 0, 153, 153, 153, 255, 255, 251, 153, 102, 255, 0, 0, 0}
}
  {  {0, 0, 0, 0, 0, 0, 0, 0, 0, 0, 0, 0, 0, 0, 0}, 
  {0, 0, 0, 0, 0, 0, 102, 102, 102, 0, 0, 0, 0, 0, 0}, 
  {0, 0, 0, 0, 0, 255, 255, 255, 255, 255, 0, 0, 0, 0, 0}, 
  {0, 0, 0, 0, 153, 153, 245, 0, 0, 251, 153, 0, 0, 0, 0}, 
  {0, 0, 0, 0, 255, 255, 245, 0, 0, 255, 255, 0, 0, 0, 0}, 
  {0, 0, 0, 0, 153, 255, 255, 255, 245, 0, 102, 0, 0, 0, 0}, 
  {0, 0, 0, 0, 0, 102, 102, 102, 102, 102, 0, 0, 0, 0, 0}, 
  {0, 0, 0, 0, 255, 255, 255, 255, 255, 251, 153, 0, 0, 0, 0}, 
  {0, 0, 0, 255, 255, 255, 255, 255, 251, 153, 102, 102, 0, 0, 0}, 
  {0, 0, 0, 153, 153, 153, 255, 255, 251, 153, 102, 255, 0, 0, 0}
}
  {  {0, 0, 0, 0, 0, 0, 0, 0, 0, 0, 0, 0, 0, 0, 0}, 
  {0, 0, 0, 0, 0, 0, 102, 102, 102, 0, 0, 0, 0, 0, 0}, 
  {0, 0, 0, 0, 0, 255, 255, 255, 255, 255, 0, 0, 0, 0, 0}, 
  {0, 0, 0, 0, 153, 153, 245, 0, 0, 251, 153, 0, 0, 0, 0}, 
  {0, 0, 0, 0, 255, 255, 245, 0, 0, 255, 255, 0, 0, 0, 0}, 
  {0, 0, 0, 0, 153, 255, 255, 255, 245, 0, 102, 0, 0, 0, 0}, 
  {0, 0, 0, 0, 0, 102, 102, 102, 102, 102, 0, 0, 0, 0, 0}, 
  {0, 0, 0, 0, 255, 255, 255, 255, 255, 251, 153, 0, 0, 0, 0}, 
  {0, 0, 0, 255, 255, 255, 255, 255, 251, 153, 102, 102, 0, 0, 0}, 
  {0, 0, 0, 153, 153, 153, 255, 255, 251, 153, 102, 255, 0, 0, 0}
}
  {  {0, 0, 0, 0, 0, 0, 0, 0, 0, 0, 0, 0, 0, 0, 0}, 
  {0, 0, 0, 0, 0, 0, 102, 102, 102, 0, 0, 0, 0, 0, 0}, 
  {0, 0, 0, 0, 0, 255, 255, 255, 255, 255, 0, 0, 0, 0, 0}, 
  {0, 0, 0, 0, 153, 153, 245, 0, 0, 251, 153, 0, 0, 0, 0}, 
  {0, 0, 0, 0, 255, 255, 245, 0, 0, 255, 255, 0, 0, 0, 0}, 
  {0, 0, 0, 0, 153, 255, 255, 255, 245, 0, 102, 0, 0, 0, 0}, 
  {0, 0, 0, 0, 0, 102, 102, 102, 102, 102, 0, 0, 0, 0, 0}, 
  {0, 0, 0, 0, 255, 255, 255, 255, 255, 251, 153, 0, 0, 0, 0}, 
  {0, 0, 0, 255, 255, 255, 255, 255, 251, 153, 102, 102, 0, 0, 0}, 
  {0, 0, 0, 153, 153, 153, 255, 255, 251, 153, 102, 255, 0, 0, 0}
}
  {  {0, 0, 0, 0, 0, 0, 0, 0, 0, 0, 0, 0, 0, 0, 0}, 
  {0, 0, 0, 0, 0, 0, 102, 102, 102, 0, 0, 0, 0, 0, 0}, 
  {0, 0, 0, 0, 0, 255, 255, 255, 255, 255, 0, 0, 0, 0, 0}, 
  {0, 0, 0, 0, 153, 245, 0, 0, 251, 153, 153, 0, 0, 0, 0}, 
  {0, 0, 0, 0, 255, 245, 0, 0, 255, 255, 255, 0, 0, 0, 0}, 
  {0, 0, 0, 0, 102, 0, 255, 255, 255, 251, 153, 0, 0, 0, 0}, 
  {0, 0, 0, 0, 0, 102, 102, 102, 102, 102, 0, 0, 0, 0, 0}, 
  {0, 0, 0, 0, 255, 255, 255, 255, 255, 251, 153, 0, 0, 0, 0}, 
  {0, 0, 0, 255, 255, 255, 255, 255, 251, 153, 102, 102, 0, 0, 0}, 
  {0, 0, 0, 153, 153, 153, 255, 255, 251, 153, 102, 255, 0, 0, 0}
}
  {  {0, 0, 0, 0, 0, 0, 0, 0, 0, 0, 0, 0, 0, 0, 0}, 
  {0, 0, 0, 0, 0, 0, 102, 102, 102, 0, 0, 0, 0, 0, 0}, 
  {0, 0, 0, 0, 0, 255, 255, 255, 255, 255, 0, 0, 0, 0, 0}, 
  {0, 0, 0, 0, 153, 245, 0, 0, 251, 153, 153, 0, 0, 0, 0}, 
  {0, 0, 0, 0, 255, 245, 0, 0, 255, 255, 255, 0, 0, 0, 0}, 
  {0, 0, 0, 0, 102, 0, 255, 255, 255, 251, 153, 0, 0, 0, 0}, 
  {0, 0, 0, 0, 0, 102, 102, 102, 102, 102, 0, 0, 0, 0, 0}, 
  {0, 0, 0, 0, 255, 255, 255, 255, 255, 251, 153, 0, 0, 0, 0}, 
  {0, 0, 0, 255, 255, 255, 255, 255, 251, 153, 102, 102, 0, 0, 0}, 
  {0, 0, 0, 153, 153, 153, 255, 255, 251, 153, 102, 255, 0, 0, 0}
}
  {  {0, 0, 0, 0, 0, 0, 0, 0, 0, 0, 0, 0, 0, 0, 0}, 
  {0, 0, 0, 0, 0, 0, 102, 102, 102, 0, 0, 0, 0, 0, 0}, 
  {0, 0, 0, 0, 0, 255, 255, 255, 255, 255, 0, 0, 0, 0, 0}, 
  {0, 0, 0, 0, 153, 245, 0, 0, 251, 153, 153, 0, 0, 0, 0}, 
  {0, 0, 0, 0, 255, 245, 0, 0, 255, 255, 255, 0, 0, 0, 0}, 
  {0, 0, 0, 0, 102, 0, 255, 255, 255, 251, 153, 0, 0, 0, 0}, 
  {0, 0, 0, 0, 0, 102, 102, 102, 102, 102, 0, 0, 0, 0, 0}, 
  {0, 0, 0, 0, 255, 255, 255, 255, 255, 251, 153, 0, 0, 0, 0}, 
  {0, 0, 0, 255, 255, 255, 255, 255, 251, 153, 102, 102, 0, 0, 0}, 
  {0, 0, 0, 153, 153, 153, 255, 255, 251, 153, 102, 255, 0, 0, 0}
}
  {  {0, 0, 0, 0, 0, 0, 0, 0, 0, 0, 0, 0, 0, 0, 0}, 
  {0, 0, 0, 0, 0, 0, 102, 102, 102, 0, 0, 0, 0, 0, 0}, 
  {0, 0, 0, 0, 0, 255, 255, 255, 255, 255, 0, 0, 0, 0, 0}, 
  {0, 0, 0, 0, 153, 245, 0, 0, 251, 153, 153, 0, 0, 0, 0}, 
  {0, 0, 0, 0, 255, 245, 0, 0, 255, 255, 255, 0, 0, 0, 0}, 
  {0, 0, 0, 0, 102, 0, 255, 255, 255, 251, 153, 0, 0, 0, 0}, 
  {0, 0, 0, 0, 0, 102, 102, 102, 102, 102, 0, 0, 0, 0, 0}, 
  {0, 0, 0, 0, 255, 255, 255, 255, 255, 251, 153, 0, 0, 0, 0}, 
  {0, 0, 0, 255, 255, 255, 255, 255, 251, 153, 102, 102, 0, 0, 0}, 
  {0, 0, 0, 153, 153, 153, 255, 255, 251, 153, 102, 255, 0, 0, 0}
}
  {  {0, 0, 0, 0, 0, 0, 0, 0, 0, 0, 0, 0, 0, 0, 0}, 
  {0, 0, 0, 0, 0, 0, 102, 102, 102, 0, 0, 0, 0, 0, 0}, 
  {0, 0, 0, 0, 0, 255, 255, 255, 255, 255, 0, 0, 0, 0, 0}, 
  {0, 0, 0, 0, 153, 245, 0, 0, 251, 153, 153, 0, 0, 0, 0}, 
  {0, 0, 0, 0, 255, 245, 0, 0, 255, 255, 255, 0, 0, 0, 0}, 
  {0, 0, 0, 0, 102, 0, 255, 255, 255, 251, 153, 0, 0, 0, 0}, 
  {0, 0, 0, 0, 0, 102, 102, 102, 102, 102, 0, 0, 0, 0, 0}, 
  {0, 0, 0, 0, 255, 255, 255, 255, 255, 251, 153, 0, 0, 0, 0}, 
  {0, 0, 0, 255, 255, 255, 255, 255, 251, 153, 102, 102, 0, 0, 0}, 
  {0, 0, 0, 153, 153, 153, 255, 255, 251, 153, 102, 255, 0, 0, 0}
}
  {  {0, 0, 0, 0, 0, 0, 0, 0, 0, 0, 0, 0, 0, 0, 0}, 
  {0, 0, 0, 0, 0, 0, 0, 0, 0, 0, 0, 0, 0, 0, 0}, 
  {0, 0, 0, 0, 0, 102, 102, 102, 0, 0, 0, 0, 0, 0, 0}, 
  {0, 0, 0, 0, 255, 255, 255, 255, 255, 0, 0, 0, 0, 0, 0}, 
  {0, 0, 0, 153, 255, 0, 0, 254, 153, 153, 0, 0, 0, 0, 0}, 
  {0, 0, 0, 255, 255, 0, 0, 254, 255, 255, 0, 0, 0, 0, 0}, 
  {0, 0, 0, 102, 0, 254, 255, 255, 255, 153, 0, 0, 0, 0, 0}, 
  {0, 0, 0, 0, 102, 102, 102, 102, 102, 0, 0, 0, 0, 0, 0}, 
  {0, 0, 0, 255, 255, 255, 255, 255, 255, 153, 0, 0, 0, 0, 0}, 
  {0, 0, 255, 255, 255, 255, 255, 255, 153, 102, 102, 0, 0, 0, 0}
}
  {  {0, 0, 0, 0, 0, 0, 0, 0, 0, 0, 0, 0, 0, 0, 0}, 
  {0, 0, 0, 0, 0, 0, 0, 0, 0, 0, 0, 0, 0, 0, 0}, 
  {0, 0, 0, 0, 0, 0, 0, 0, 0, 0, 0, 0, 0, 0, 0}, 
  {0, 0, 0, 0, 102, 102, 102, 0, 0, 0, 0, 0, 0, 0, 0}, 
  {0, 0, 0, 255, 255, 255, 255, 255, 0, 0, 0, 0, 0, 0, 0}, 
  {0, 0, 153, 250, 0, 0, 244, 153, 153, 0, 0, 0, 0, 0, 0}, 
  {0, 0, 255, 255, 0, 0, 244, 255, 255, 0, 0, 0, 0, 0, 0}, 
  {0, 0, 102, 0, 244, 255, 255, 255, 153, 0, 0, 0, 0, 0, 0}, 
  {0, 0, 0, 102, 102, 102, 102, 102, 0, 0, 0, 0, 0, 0, 0}, 
  {0, 0, 255, 255, 255, 255, 255, 255, 153, 0, 0, 0, 0, 0, 0}
}
  {  {0, 0, 0, 0, 0, 0, 0, 0, 0, 0, 0, 0, 0, 0, 0}, 
  {0, 0, 0, 0, 0, 0, 0, 0, 0, 0, 0, 0, 0, 0, 0}, 
  {0, 0, 0, 0, 0, 0, 0, 0, 0, 0, 0, 0, 0, 0, 0}, 
  {0, 0, 0, 0, 0, 0, 0, 0, 0, 0, 0, 0, 0, 0, 0}, 
  {0, 0, 0, 102, 102, 102, 0, 0, 0, 0, 0, 0, 0, 0, 0}, 
  {0, 0, 255, 255, 255, 255, 255, 0, 0, 0, 0, 0, 0, 0, 0}, 
  {0, 153, 246, 0, 0, 233, 153, 153, 0, 0, 0, 0, 0, 0, 0}, 
  {0, 255, 255, 0, 0, 233, 255, 255, 0, 0, 0, 0, 0, 0, 0}, 
  {0, 102, 0, 233, 255, 255, 255, 153, 0, 0, 0, 0, 0, 0, 0}, 
  {0, 0, 102, 102, 102, 102, 102, 0, 0, 0, 0, 0, 0, 0, 0}
}
  {  {0, 0, 0, 0, 0, 0, 0, 0, 0, 0, 0, 0, 0, 0, 0}, 
  {0, 0, 0, 0, 0, 0, 0, 0, 0, 0, 0, 0, 0, 0, 0}, 
  {0, 0, 0, 0, 0, 0, 0, 0, 0, 0, 0, 0, 0, 0, 0}, 
  {0, 0, 0, 0, 0, 0, 0, 0, 0, 0, 0, 0, 0, 0, 0}, 
  {0, 0, 0, 0, 0, 0, 0, 0, 0, 0, 0, 0, 0, 0, 0}, 
  {0, 0, 102, 102, 102, 0, 0, 0, 0, 0, 0, 0, 0, 0, 0}, 
  {0, 255, 255, 255, 255, 255, 0, 0, 0, 0, 0, 0, 0, 0, 0}, 
  {153, 241, 51, 0, 223, 153, 153, 0, 0, 0, 0, 0, 0, 0, 0}, 
  {255, 255, 51, 0, 223, 255, 255, 0, 0, 0, 0, 0, 0, 0, 0}, 
  {102, 0, 223, 255, 255, 255, 153, 0, 0, 0, 0, 0, 0, 0, 0}
}
  {  {0, 0, 0, 0, 0, 0, 0, 0, 0, 0, 0, 0, 0, 0, 0}, 
  {0, 0, 0, 0, 0, 0, 0, 0, 0, 0, 0, 0, 0, 0, 0}, 
  {0, 0, 0, 0, 0, 0, 0, 0, 0, 0, 0, 0, 0, 0, 0}, 
  {0, 0, 0, 0, 0, 0, 0, 0, 0, 0, 0, 0, 0, 0, 0}, 
  {0, 0, 0, 0, 0, 0, 0, 0, 0, 0, 0, 0, 0, 0, 0}, 
  {0, 0, 0, 0, 0, 0, 0, 0, 0, 0, 0, 0, 0, 0, 0}, 
  {0, 102, 102, 102, 0, 0, 0, 0, 0, 0, 0, 0, 0, 0, 0}, 
  {255, 255, 255, 255, 255, 0, 0, 0, 0, 0, 0, 0, 0, 0, 0}, 
  {237, 51, 0, 212, 153, 153, 0, 0, 0, 0, 0, 0, 0, 0, 0}, 
  {255, 51, 0, 212, 255, 255, 0, 0, 0, 0, 0, 0, 0, 0, 0}
}
  {  {0, 0, 0, 0, 0, 0, 0, 0, 0, 0, 0, 0, 0, 0, 0}, 
  {0, 0, 0, 0, 0, 0, 0, 0, 0, 0, 0, 0, 0, 0, 0}, 
  {0, 0, 0, 0, 0, 0, 0, 0, 0, 0, 0, 0, 0, 0, 0}, 
  {0, 0, 0, 0, 0, 0, 0, 0, 0, 0, 0, 0, 0, 0, 0}, 
  {0, 0, 0, 0, 0, 0, 0, 0, 0, 0, 0, 0, 0, 0, 0}, 
  {0, 0, 0, 0, 0, 0, 0, 0, 0, 0, 0, 0, 0, 0, 0}, 
  {0, 0, 0, 0, 0, 0, 0, 0, 0, 0, 0, 0, 0, 0, 0}, 
  {102, 102, 102, 0, 0, 0, 0, 0, 0, 0, 0, 0, 0, 0, 0}, 
  {255, 255, 255, 255, 0, 0, 0, 0, 0, 0, 0, 0, 0, 0, 0}, 
  {54, 0, 201, 153, 153, 0, 0, 0, 0, 0, 0, 0, 0, 0, 0}
}
  {  {0, 0, 0, 0, 0, 0, 0, 0, 0, 0, 0, 0, 0, 0, 0}, 
  {0, 0, 0, 0, 0, 0, 0, 0, 0, 0, 0, 0, 0, 0, 0}, 
  {0, 0, 0, 0, 0, 0, 0, 0, 0, 0, 0, 0, 0, 0, 0}, 
  {0, 0, 0, 0, 0, 0, 0, 0, 0, 0, 0, 0, 0, 0, 0}, 
  {0, 0, 0, 0, 0, 0, 0, 0, 0, 0, 0, 0, 0, 0, 0}, 
  {0, 0, 0, 0, 0, 0, 0, 0, 0, 0, 0, 0, 0, 0, 0}, 
  {0, 0, 0, 0, 0, 0, 0, 0, 0, 0, 0, 0, 0, 0, 0}, 
  {0, 0, 0, 0, 0, 0, 0, 0, 0, 0, 0, 0, 0, 0, 0}, 
  {102, 102, 0, 0, 0, 0, 0, 0, 0, 0, 0, 0, 0, 0, 0}, 
  {254, 255, 255, 0, 0, 0, 0, 0, 0, 0, 0, 0, 0, 0, 0}
}
  {  {0, 0, 0, 0, 0, 0, 0, 0, 0, 0, 0, 0, 0, 0, 0}, 
  {0, 0, 0, 0, 0, 0, 0, 0, 0, 0, 0, 0, 0, 0, 0}, 
  {0, 0, 0, 0, 0, 0, 0, 0, 0, 0, 0, 0, 0, 0, 0}, 
  {0, 0, 0, 0, 0, 0, 0, 0, 0, 0, 0, 0, 0, 0, 0}, 
  {0, 0, 0, 0, 0, 0, 0, 0, 0, 0, 0, 0, 0, 0, 0}, 
  {0, 0, 0, 0, 0, 0, 0, 0, 0, 0, 0, 0, 0, 0, 0}, 
  {0, 0, 0, 0, 0, 0, 0, 0, 0, 0, 0, 0, 0, 0, 0}, 
  {0, 0, 0, 0, 0, 0, 0, 0, 0, 0, 0, 0, 0, 0, 0}, 
  {0, 0, 0, 0, 0, 0, 0, 0, 0, 0, 0, 0, 0, 0, 0}, 
  {102, 0, 0, 0, 0, 0, 0, 0, 0, 0, 0, 0, 0, 0, 0}
}
  {  {0, 0, 0, 0, 0, 0, 0, 0, 0, 0, 0, 0, 0, 0, 0}, 
  {0, 0, 0, 0, 0, 0, 0, 0, 0, 0, 0, 0, 0, 0, 0}, 
  {0, 0, 0, 0, 0, 0, 0, 0, 0, 0, 0, 0, 0, 0, 0}, 
  {0, 0, 0, 0, 0, 0, 0, 0, 0, 0, 0, 0, 0, 0, 0}, 
  {0, 0, 0, 0, 0, 0, 0, 0, 0, 0, 0, 0, 0, 0, 0}, 
  {0, 0, 0, 0, 0, 0, 0, 0, 0, 0, 0, 0, 0, 0, 0}, 
  {0, 0, 0, 0, 0, 0, 0, 0, 0, 0, 0, 0, 0, 0, 0}, 
  {0, 0, 0, 0, 0, 0, 0, 0, 0, 0, 0, 0, 0, 0, 0}, 
  {0, 0, 0, 0, 0, 0, 0, 0, 0, 0, 0, 0, 0, 0, 0}, 
  {0, 0, 0, 0, 0, 0, 0, 0, 0, 0, 0, 0, 0, 0, 0}
}
  {  {0, 0, 0, 0, 0, 0, 0, 0, 0, 0, 0, 0, 0, 0, 0}, 
  {0, 0, 0, 0, 0, 0, 0, 0, 0, 0, 0, 0, 0, 0, 0}, 
  {0, 0, 0, 0, 0, 0, 0, 0, 0, 0, 0, 0, 0, 0, 0}, 
  {0, 0, 0, 0, 0, 0, 0, 0, 0, 0, 0, 0, 0, 0, 0}, 
  {0, 0, 0, 0, 0, 0, 0, 0, 0, 0, 0, 0, 0, 0, 0}, 
  {0, 0, 0, 0, 0, 0, 0, 0, 0, 0, 0, 0, 0, 0, 0}, 
  {0, 0, 0, 0, 0, 0, 0, 0, 0, 0, 0, 0, 0, 0, 0}, 
  {0, 0, 0, 0, 0, 0, 0, 0, 0, 0, 0, 0, 0, 0, 0}, 
  {0, 0, 0, 0, 0, 0, 0, 0, 0, 0, 0, 0, 0, 0, 0}, 
  {0, 0, 0, 0, 0, 0, 0, 0, 0, 0, 0, 0, 0, 0, 0}
}
  {  {0, 0, 0, 0, 0, 0, 0, 0, 0, 0, 0, 0, 0, 0, 0}, 
  {0, 0, 0, 0, 0, 0, 0, 0, 0, 0, 0, 0, 0, 0, 0}, 
  {0, 0, 0, 0, 0, 0, 0, 0, 0, 0, 0, 0, 0, 0, 0}, 
  {0, 0, 0, 0, 0, 0, 0, 0, 0, 0, 0, 0, 0, 0, 0}, 
  {0, 0, 0, 0, 0, 0, 0, 0, 0, 0, 0, 0, 0, 0, 0}, 
  {0, 0, 0, 0, 0, 0, 0, 0, 0, 0, 0, 0, 0, 0, 0}, 
  {0, 0, 0, 0, 0, 0, 0, 0, 0, 0, 0, 0, 0, 0, 0}, 
  {0, 0, 0, 0, 0, 0, 0, 0, 0, 0, 0, 0, 0, 0, 0}, 
  {0, 0, 0, 0, 0, 0, 0, 0, 0, 0, 0, 0, 0, 0, 0}, 
  {0, 0, 0, 0, 0, 0, 0, 0, 0, 0, 0, 0, 0, 0, 0}
}
  {  {0, 0, 0, 0, 0, 0, 0, 0, 0, 0, 0, 0, 0, 0, 0}, 
  {0, 0, 0, 0, 0, 0, 0, 0, 0, 0, 0, 0, 0, 0, 0}, 
  {0, 0, 0, 0, 0, 0, 0, 0, 0, 0, 0, 0, 0, 0, 0}, 
  {0, 0, 0, 0, 0, 0, 0, 0, 0, 0, 0, 0, 0, 0, 0}, 
  {0, 0, 0, 0, 0, 0, 0, 0, 0, 0, 0, 0, 0, 0, 0}, 
  {0, 0, 0, 0, 0, 0, 0, 0, 0, 0, 0, 0, 0, 0, 0}, 
  {0, 0, 0, 0, 0, 0, 0, 0, 0, 0, 0, 0, 0, 0, 0}, 
  {0, 0, 0, 0, 0, 0, 0, 0, 0, 0, 0, 0, 0, 0, 0}, 
  {0, 0, 0, 0, 0, 0, 0, 0, 0, 0, 0, 0, 0, 0, 0}, 
  {0, 0, 0, 0, 0, 0, 0, 0, 0, 0, 0, 0, 0, 0, 0}
}
  {  {0, 0, 0, 0, 0, 0, 0, 0, 0, 0, 0, 0, 0, 0, 0}, 
  {0, 0, 0, 0, 0, 0, 0, 0, 0, 0, 0, 0, 0, 0, 0}, 
  {0, 0, 0, 0, 0, 0, 0, 0, 0, 0, 0, 0, 0, 0, 0}, 
  {0, 0, 0, 0, 0, 0, 0, 0, 0, 0, 0, 0, 0, 0, 0}, 
  {0, 0, 0, 0, 0, 0, 0, 0, 0, 0, 0, 0, 0, 0, 0}, 
  {0, 0, 0, 0, 0, 0, 0, 0, 0, 0, 0, 0, 0, 0, 0}, 
  {0, 0, 0, 0, 0, 0, 0, 0, 0, 0, 0, 0, 0, 0, 0}, 
  {0, 0, 0, 0, 0, 0, 0, 0, 0, 0, 0, 0, 0, 0, 0}, 
  {0, 0, 0, 0, 0, 0, 0, 0, 0, 0, 0, 0, 0, 0, 0}, 
  {0, 0, 0, 0, 0, 0, 0, 0, 0, 0, 0, 0, 0, 0, 0}
}
