byte bbpopupgif_blues[37][10][15]=
  {  {0, 0, 0, 0, 0, 0, 0, 0, 0, 0, 0, 0, 0, 0, 0}, 
  {0, 0, 0, 0, 0, 0, 0, 0, 0, 0, 0, 0, 0, 0, 0}, 
  {0, 0, 0, 0, 0, 0, 0, 0, 0, 0, 0, 0, 0, 0, 0}, 
  {0, 0, 0, 0, 0, 0, 0, 0, 0, 0, 0, 0, 0, 0, 0}, 
  {0, 0, 0, 0, 0, 0, 0, 0, 0, 0, 0, 0, 0, 0, 0}, 
  {0, 0, 0, 0, 0, 0, 0, 0, 0, 0, 0, 0, 0, 0, 0}, 
  {0, 0, 0, 0, 0, 0, 0, 0, 0, 0, 0, 0, 0, 0, 0}, 
  {0, 0, 0, 0, 0, 0, 0, 0, 0, 0, 0, 0, 0, 0, 0}, 
  {0, 0, 0, 0, 0, 0, 0, 0, 0, 0, 0, 0, 0, 0, 0}, 
  {0, 0, 0, 0, 0, 0, 0, 0, 0, 0, 0, 0, 0, 0, 0}
}, 
  {  {0, 0, 0, 0, 0, 0, 0, 0, 0, 0, 0, 0, 0, 0, 0}, 
  {0, 0, 0, 0, 0, 0, 0, 0, 0, 0, 0, 0, 0, 0, 0}, 
  {0, 0, 0, 0, 0, 0, 0, 0, 0, 0, 0, 0, 0, 0, 0}, 
  {0, 0, 0, 0, 0, 0, 0, 0, 0, 0, 0, 0, 0, 0, 0}, 
  {0, 0, 0, 0, 0, 0, 0, 0, 0, 0, 0, 0, 0, 0, 0}, 
  {0, 0, 0, 0, 0, 0, 0, 0, 0, 0, 0, 0, 0, 0, 0}, 
  {0, 0, 0, 0, 0, 0, 0, 0, 0, 0, 0, 0, 0, 0, 0}, 
  {0, 0, 0, 0, 0, 0, 0, 0, 0, 0, 0, 0, 0, 0, 0}, 
  {0, 0, 0, 0, 0, 0, 0, 0, 0, 0, 0, 0, 0, 0, 0}, 
  {0, 0, 0, 0, 0, 0, 0, 0, 0, 0, 0, 0, 0, 0, 0}
}, 
  {  {0, 0, 0, 0, 0, 0, 0, 0, 0, 0, 0, 0, 0, 0, 0}, 
  {0, 0, 0, 0, 0, 0, 0, 0, 0, 0, 0, 0, 0, 0, 0}, 
  {0, 0, 0, 0, 0, 0, 0, 0, 0, 0, 0, 0, 0, 0, 0}, 
  {0, 0, 0, 0, 0, 0, 0, 0, 0, 0, 0, 0, 0, 0, 0}, 
  {0, 0, 0, 0, 0, 0, 0, 0, 0, 0, 0, 0, 0, 0, 0}, 
  {0, 0, 0, 0, 0, 0, 0, 0, 0, 0, 0, 0, 0, 0, 0}, 
  {0, 0, 0, 0, 0, 0, 0, 0, 0, 0, 0, 0, 0, 0, 0}, 
  {0, 0, 0, 0, 0, 0, 0, 0, 0, 0, 0, 0, 0, 0, 0}, 
  {0, 0, 0, 0, 0, 0, 0, 0, 0, 0, 0, 0, 0, 0, 0}, 
  {0, 0, 0, 0, 0, 0, 0, 0, 0, 0, 0, 0, 0, 0, 0}
}, 
  {  {0, 0, 0, 0, 0, 0, 0, 0, 0, 0, 0, 0, 0, 0, 0}, 
  {0, 0, 0, 0, 0, 0, 0, 0, 0, 0, 0, 0, 0, 0, 0}, 
  {0, 0, 0, 0, 0, 0, 0, 0, 0, 0, 0, 0, 0, 0, 0}, 
  {0, 0, 0, 0, 0, 0, 0, 0, 0, 0, 0, 0, 0, 0, 0}, 
  {0, 0, 0, 0, 0, 0, 0, 0, 0, 0, 0, 0, 0, 0, 0}, 
  {0, 0, 0, 0, 0, 0, 0, 0, 0, 0, 0, 0, 0, 0, 0}, 
  {0, 0, 0, 0, 0, 0, 0, 0, 0, 0, 0, 0, 0, 0, 0}, 
  {0, 0, 0, 0, 0, 0, 0, 0, 0, 0, 0, 0, 0, 0, 0}, 
  {0, 0, 0, 0, 0, 0, 0, 0, 0, 0, 0, 0, 0, 0, 0}, 
  {0, 0, 0, 0, 0, 0, 0, 0, 0, 0, 0, 0, 0, 0, 0}
}, 
  {  {0, 0, 0, 0, 0, 0, 0, 0, 0, 0, 0, 0, 0, 0, 0}, 
  {0, 0, 0, 0, 0, 0, 0, 0, 0, 0, 0, 0, 0, 0, 0}, 
  {0, 0, 0, 0, 0, 0, 0, 0, 0, 0, 0, 0, 0, 0, 0}, 
  {0, 0, 0, 0, 0, 0, 0, 0, 0, 0, 0, 0, 0, 0, 0}, 
  {0, 0, 0, 0, 0, 0, 0, 0, 0, 0, 0, 0, 0, 0, 0}, 
  {0, 0, 0, 0, 0, 0, 0, 0, 0, 0, 0, 0, 0, 0, 0}, 
  {0, 0, 0, 0, 0, 0, 0, 0, 0, 0, 0, 0, 0, 0, 0}, 
  {0, 0, 0, 0, 0, 0, 0, 0, 0, 0, 0, 0, 0, 0, 0}, 
  {0, 0, 0, 0, 0, 0, 0, 0, 0, 0, 0, 0, 0, 0, 0}, 
  {0, 0, 0, 0, 0, 0, 0, 0, 0, 0, 0, 0, 0, 0, 0}
}, 
  {  {0, 0, 0, 0, 0, 0, 0, 0, 0, 0, 0, 0, 0, 0, 0}, 
  {0, 0, 0, 0, 0, 0, 0, 0, 0, 0, 0, 0, 0, 0, 0}, 
  {0, 0, 0, 0, 0, 0, 0, 0, 0, 0, 0, 0, 0, 0, 0}, 
  {0, 0, 0, 0, 0, 0, 0, 0, 0, 0, 0, 0, 0, 0, 0}, 
  {0, 0, 0, 0, 0, 0, 0, 0, 0, 0, 0, 0, 0, 0, 0}, 
  {0, 0, 0, 0, 0, 0, 0, 0, 0, 0, 0, 0, 0, 0, 0}, 
  {0, 0, 0, 0, 0, 0, 0, 0, 0, 0, 0, 0, 0, 0, 0}, 
  {0, 0, 0, 0, 0, 0, 0, 0, 0, 0, 0, 0, 0, 0, 0}, 
  {0, 0, 0, 0, 0, 0, 0, 0, 0, 0, 0, 0, 0, 0, 0}, 
  {0, 0, 0, 0, 0, 0, 0, 0, 0, 0, 0, 0, 0, 0, 102}
}, 
  {  {0, 0, 0, 0, 0, 0, 0, 0, 0, 0, 0, 0, 0, 0, 0}, 
  {0, 0, 0, 0, 0, 0, 0, 0, 0, 0, 0, 0, 0, 0, 0}, 
  {0, 0, 0, 0, 0, 0, 0, 0, 0, 0, 0, 0, 0, 0, 0}, 
  {0, 0, 0, 0, 0, 0, 0, 0, 0, 0, 0, 0, 0, 0, 0}, 
  {0, 0, 0, 0, 0, 0, 0, 0, 0, 0, 0, 0, 0, 0, 0}, 
  {0, 0, 0, 0, 0, 0, 0, 0, 0, 0, 0, 0, 0, 0, 0}, 
  {0, 0, 0, 0, 0, 0, 0, 0, 0, 0, 0, 0, 0, 0, 0}, 
  {0, 0, 0, 0, 0, 0, 0, 0, 0, 0, 0, 0, 0, 0, 0}, 
  {0, 0, 0, 0, 0, 0, 0, 0, 0, 0, 0, 0, 0, 102, 102}, 
  {0, 0, 0, 0, 0, 0, 0, 0, 0, 0, 0, 0, 51, 51, 51}
}, 
  {  {0, 0, 0, 0, 0, 0, 0, 0, 0, 0, 0, 0, 0, 0, 0}, 
  {0, 0, 0, 0, 0, 0, 0, 0, 0, 0, 0, 0, 0, 0, 0}, 
  {0, 0, 0, 0, 0, 0, 0, 0, 0, 0, 0, 0, 0, 0, 0}, 
  {0, 0, 0, 0, 0, 0, 0, 0, 0, 0, 0, 0, 0, 0, 0}, 
  {0, 0, 0, 0, 0, 0, 0, 0, 0, 0, 0, 0, 0, 0, 0}, 
  {0, 0, 0, 0, 0, 0, 0, 0, 0, 0, 0, 0, 0, 0, 0}, 
  {0, 0, 0, 0, 0, 0, 0, 0, 0, 0, 0, 0, 0, 0, 0}, 
  {0, 0, 0, 0, 0, 0, 0, 0, 0, 0, 51, 250, 0, 0, 250}, 
  {0, 0, 0, 0, 0, 0, 0, 0, 0, 0, 0, 0, 102, 102, 102}, 
  {0, 0, 0, 0, 0, 0, 0, 0, 0, 0, 51, 51, 51, 51, 51}
}, 
  {  {0, 0, 0, 0, 0, 0, 0, 0, 0, 0, 0, 0, 0, 0, 0}, 
  {0, 0, 0, 0, 0, 0, 0, 0, 0, 0, 0, 0, 0, 0, 0}, 
  {0, 0, 0, 0, 0, 0, 0, 0, 0, 0, 0, 0, 0, 0, 0}, 
  {0, 0, 0, 0, 0, 0, 0, 0, 0, 0, 0, 0, 0, 0, 0}, 
  {0, 0, 0, 0, 0, 0, 0, 0, 0, 0, 0, 0, 0, 0, 0}, 
  {0, 0, 0, 0, 0, 0, 0, 0, 0, 0, 0, 0, 0, 0, 0}, 
  {0, 0, 0, 0, 0, 0, 0, 0, 0, 0, 0, 102, 102, 102, 0}, 
  {0, 0, 0, 0, 0, 0, 0, 0, 0, 0, 255, 255, 255, 255, 255}, 
  {0, 0, 0, 0, 0, 0, 0, 0, 0, 51, 249, 0, 0, 250, 51}, 
  {0, 0, 0, 0, 0, 0, 0, 0, 0, 255, 249, 0, 0, 255, 255}
}, 
  {  {0, 0, 0, 0, 0, 0, 0, 0, 0, 0, 0, 0, 0, 0, 0}, 
  {0, 0, 0, 0, 0, 0, 0, 0, 0, 0, 0, 0, 0, 0, 0}, 
  {0, 0, 0, 0, 0, 0, 0, 0, 0, 0, 0, 0, 0, 0, 0}, 
  {0, 0, 0, 0, 0, 0, 0, 0, 0, 0, 0, 0, 0, 0, 0}, 
  {0, 0, 0, 0, 0, 0, 0, 0, 0, 0, 0, 0, 0, 0, 0}, 
  {0, 0, 0, 0, 0, 0, 0, 0, 0, 0, 102, 102, 102, 0, 0}, 
  {0, 0, 0, 0, 0, 0, 0, 0, 0, 255, 255, 255, 255, 255, 0}, 
  {0, 0, 0, 0, 0, 0, 0, 0, 51, 248, 0, 0, 249, 51, 51}, 
  {0, 0, 0, 0, 0, 0, 0, 0, 255, 248, 0, 0, 255, 255, 255}, 
  {0, 0, 0, 0, 0, 0, 0, 0, 153, 0, 255, 255, 255, 249, 51}
}
  {  {0, 0, 0, 0, 0, 0, 0, 0, 0, 0, 0, 0, 0, 0, 0}, 
  {0, 0, 0, 0, 0, 0, 0, 0, 0, 0, 0, 0, 0, 0, 0}, 
  {0, 0, 0, 0, 0, 0, 0, 0, 0, 0, 0, 0, 0, 0, 0}, 
  {0, 0, 0, 0, 0, 0, 0, 0, 0, 0, 0, 0, 0, 0, 0}, 
  {0, 0, 0, 0, 0, 0, 0, 0, 0, 102, 102, 102, 0, 0, 0}, 
  {0, 0, 0, 0, 0, 0, 0, 0, 255, 255, 255, 255, 255, 0, 0}, 
  {0, 0, 0, 0, 0, 0, 0, 51, 248, 0, 0, 248, 51, 51, 0}, 
  {0, 0, 0, 0, 0, 0, 0, 255, 248, 0, 0, 255, 255, 255, 0}, 
  {0, 0, 0, 0, 0, 0, 0, 153, 0, 255, 255, 255, 248, 51, 0}, 
  {0, 0, 0, 0, 0, 0, 0, 0, 102, 102, 102, 102, 102, 0, 0}
}
  {  {0, 0, 0, 0, 0, 0, 0, 0, 0, 0, 0, 0, 0, 0, 0}, 
  {0, 0, 0, 0, 0, 0, 0, 0, 0, 0, 0, 0, 0, 0, 0}, 
  {0, 0, 0, 0, 0, 0, 0, 0, 0, 0, 0, 0, 0, 0, 0}, 
  {0, 0, 0, 0, 0, 0, 0, 0, 102, 102, 102, 0, 0, 0, 0}, 
  {0, 0, 0, 0, 0, 0, 0, 255, 255, 255, 255, 255, 0, 0, 0}, 
  {0, 0, 0, 0, 0, 0, 51, 247, 0, 0, 248, 51, 51, 0, 0}, 
  {0, 0, 0, 0, 0, 0, 255, 247, 0, 0, 255, 255, 255, 0, 0}, 
  {0, 0, 0, 0, 0, 0, 153, 0, 255, 255, 255, 248, 51, 0, 0}, 
  {0, 0, 0, 0, 0, 0, 0, 102, 102, 102, 102, 102, 0, 0, 0}, 
  {0, 0, 0, 0, 0, 0, 255, 255, 255, 255, 255, 248, 51, 0, 0}
}
  {  {0, 0, 0, 0, 0, 0, 0, 0, 0, 0, 0, 0, 0, 0, 0}, 
  {0, 0, 0, 0, 0, 0, 0, 0, 0, 0, 0, 0, 0, 0, 0}, 
  {0, 0, 0, 0, 0, 0, 0, 102, 102, 102, 0, 0, 0, 0, 0}, 
  {0, 0, 0, 0, 0, 0, 255, 255, 255, 255, 255, 0, 0, 0, 0}, 
  {0, 0, 0, 0, 0, 51, 246, 0, 0, 247, 51, 51, 0, 0, 0}, 
  {0, 0, 0, 0, 0, 255, 246, 0, 0, 255, 255, 255, 0, 0, 0}, 
  {0, 0, 0, 0, 0, 153, 0, 255, 255, 255, 247, 51, 0, 0, 0}, 
  {0, 0, 0, 0, 0, 0, 102, 102, 102, 102, 102, 0, 0, 0, 0}, 
  {0, 0, 0, 0, 0, 255, 255, 255, 255, 255, 247, 51, 0, 0, 0}, 
  {0, 0, 0, 0, 255, 255, 255, 255, 255, 247, 51, 102, 102, 0, 0}
}
  {  {0, 0, 0, 0, 0, 0, 0, 0, 0, 0, 0, 0, 0, 0, 0}, 
  {0, 0, 0, 0, 0, 0, 102, 102, 102, 0, 0, 0, 0, 0, 0}, 
  {0, 0, 0, 0, 0, 255, 255, 255, 255, 255, 0, 0, 0, 0, 0}, 
  {0, 0, 0, 0, 51, 245, 0, 0, 246, 51, 51, 0, 0, 0, 0}, 
  {0, 0, 0, 0, 255, 245, 0, 0, 255, 255, 255, 0, 0, 0, 0}, 
  {0, 0, 0, 0, 153, 0, 255, 255, 255, 246, 51, 0, 0, 0, 0}, 
  {0, 0, 0, 0, 0, 102, 102, 102, 102, 102, 0, 0, 0, 0, 0}, 
  {0, 0, 0, 0, 255, 255, 255, 255, 255, 246, 51, 0, 0, 0, 0}, 
  {0, 0, 0, 255, 255, 255, 255, 255, 246, 51, 102, 102, 0, 0, 0}, 
  {0, 0, 0, 51, 51, 51, 255, 255, 246, 51, 102, 255, 0, 0, 0}
}
  {  {0, 0, 0, 0, 0, 0, 0, 0, 0, 0, 0, 0, 0, 0, 0}, 
  {0, 0, 0, 0, 0, 0, 102, 102, 102, 0, 0, 0, 0, 0, 0}, 
  {0, 0, 0, 0, 0, 255, 255, 255, 255, 255, 0, 0, 0, 0, 0}, 
  {0, 0, 0, 0, 51, 51, 245, 0, 0, 246, 51, 0, 0, 0, 0}, 
  {0, 0, 0, 0, 255, 255, 245, 0, 0, 255, 255, 0, 0, 0, 0}, 
  {0, 0, 0, 0, 51, 255, 255, 255, 245, 0, 153, 0, 0, 0, 0}, 
  {0, 0, 0, 0, 0, 102, 102, 102, 102, 102, 0, 0, 0, 0, 0}, 
  {0, 0, 0, 0, 255, 255, 255, 255, 255, 246, 51, 0, 0, 0, 0}, 
  {0, 0, 0, 255, 255, 255, 255, 255, 246, 51, 102, 102, 0, 0, 0}, 
  {0, 0, 0, 51, 51, 51, 255, 255, 246, 51, 102, 255, 0, 0, 0}
}
  {  {0, 0, 0, 0, 0, 0, 0, 0, 0, 0, 0, 0, 0, 0, 0}, 
  {0, 0, 0, 0, 0, 0, 102, 102, 102, 0, 0, 0, 0, 0, 0}, 
  {0, 0, 0, 0, 0, 255, 255, 255, 255, 255, 0, 0, 0, 0, 0}, 
  {0, 0, 0, 0, 51, 51, 245, 0, 0, 246, 51, 0, 0, 0, 0}, 
  {0, 0, 0, 0, 255, 255, 245, 0, 0, 255, 255, 0, 0, 0, 0}, 
  {0, 0, 0, 0, 51, 255, 255, 255, 245, 0, 153, 0, 0, 0, 0}, 
  {0, 0, 0, 0, 0, 102, 102, 102, 102, 102, 0, 0, 0, 0, 0}, 
  {0, 0, 0, 0, 255, 255, 255, 255, 255, 246, 51, 0, 0, 0, 0}, 
  {0, 0, 0, 255, 255, 255, 255, 255, 246, 51, 102, 102, 0, 0, 0}, 
  {0, 0, 0, 51, 51, 51, 255, 255, 246, 51, 102, 255, 0, 0, 0}
}
  {  {0, 0, 0, 0, 0, 0, 0, 0, 0, 0, 0, 0, 0, 0, 0}, 
  {0, 0, 0, 0, 0, 0, 102, 102, 102, 0, 0, 0, 0, 0, 0}, 
  {0, 0, 0, 0, 0, 255, 255, 255, 255, 255, 0, 0, 0, 0, 0}, 
  {0, 0, 0, 0, 51, 51, 245, 0, 0, 246, 51, 0, 0, 0, 0}, 
  {0, 0, 0, 0, 255, 255, 245, 0, 0, 255, 255, 0, 0, 0, 0}, 
  {0, 0, 0, 0, 51, 255, 255, 255, 245, 0, 153, 0, 0, 0, 0}, 
  {0, 0, 0, 0, 0, 102, 102, 102, 102, 102, 0, 0, 0, 0, 0}, 
  {0, 0, 0, 0, 255, 255, 255, 255, 255, 246, 51, 0, 0, 0, 0}, 
  {0, 0, 0, 255, 255, 255, 255, 255, 246, 51, 102, 102, 0, 0, 0}, 
  {0, 0, 0, 51, 51, 51, 255, 255, 246, 51, 102, 255, 0, 0, 0}
}
  {  {0, 0, 0, 0, 0, 0, 0, 0, 0, 0, 0, 0, 0, 0, 0}, 
  {0, 0, 0, 0, 0, 0, 102, 102, 102, 0, 0, 0, 0, 0, 0}, 
  {0, 0, 0, 0, 0, 255, 255, 255, 255, 255, 0, 0, 0, 0, 0}, 
  {0, 0, 0, 0, 51, 51, 245, 0, 0, 246, 51, 0, 0, 0, 0}, 
  {0, 0, 0, 0, 255, 255, 245, 0, 0, 255, 255, 0, 0, 0, 0}, 
  {0, 0, 0, 0, 51, 255, 255, 255, 245, 0, 153, 0, 0, 0, 0}, 
  {0, 0, 0, 0, 0, 102, 102, 102, 102, 102, 0, 0, 0, 0, 0}, 
  {0, 0, 0, 0, 255, 255, 255, 255, 255, 246, 51, 0, 0, 0, 0}, 
  {0, 0, 0, 255, 255, 255, 255, 255, 246, 51, 102, 102, 0, 0, 0}, 
  {0, 0, 0, 51, 51, 51, 255, 255, 246, 51, 102, 255, 0, 0, 0}
}
  {  {0, 0, 0, 0, 0, 0, 0, 0, 0, 0, 0, 0, 0, 0, 0}, 
  {0, 0, 0, 0, 0, 0, 102, 102, 102, 0, 0, 0, 0, 0, 0}, 
  {0, 0, 0, 0, 0, 255, 255, 255, 255, 255, 0, 0, 0, 0, 0}, 
  {0, 0, 0, 0, 51, 51, 245, 0, 0, 246, 51, 0, 0, 0, 0}, 
  {0, 0, 0, 0, 255, 255, 245, 0, 0, 255, 255, 0, 0, 0, 0}, 
  {0, 0, 0, 0, 51, 255, 255, 255, 245, 0, 153, 0, 0, 0, 0}, 
  {0, 0, 0, 0, 0, 102, 102, 102, 102, 102, 0, 0, 0, 0, 0}, 
  {0, 0, 0, 0, 255, 255, 255, 255, 255, 246, 51, 0, 0, 0, 0}, 
  {0, 0, 0, 255, 255, 255, 255, 255, 246, 51, 102, 102, 0, 0, 0}, 
  {0, 0, 0, 51, 51, 51, 255, 255, 246, 51, 102, 255, 0, 0, 0}
}
  {  {0, 0, 0, 0, 0, 0, 0, 0, 0, 0, 0, 0, 0, 0, 0}, 
  {0, 0, 0, 0, 0, 0, 102, 102, 102, 0, 0, 0, 0, 0, 0}, 
  {0, 0, 0, 0, 0, 255, 255, 255, 255, 255, 0, 0, 0, 0, 0}, 
  {0, 0, 0, 0, 51, 245, 0, 0, 246, 51, 51, 0, 0, 0, 0}, 
  {0, 0, 0, 0, 255, 245, 0, 0, 255, 255, 255, 0, 0, 0, 0}, 
  {0, 0, 0, 0, 153, 0, 255, 255, 255, 246, 51, 0, 0, 0, 0}, 
  {0, 0, 0, 0, 0, 102, 102, 102, 102, 102, 0, 0, 0, 0, 0}, 
  {0, 0, 0, 0, 255, 255, 255, 255, 255, 246, 51, 0, 0, 0, 0}, 
  {0, 0, 0, 255, 255, 255, 255, 255, 246, 51, 102, 102, 0, 0, 0}, 
  {0, 0, 0, 51, 51, 51, 255, 255, 246, 51, 102, 255, 0, 0, 0}
}
  {  {0, 0, 0, 0, 0, 0, 0, 0, 0, 0, 0, 0, 0, 0, 0}, 
  {0, 0, 0, 0, 0, 0, 102, 102, 102, 0, 0, 0, 0, 0, 0}, 
  {0, 0, 0, 0, 0, 255, 255, 255, 255, 255, 0, 0, 0, 0, 0}, 
  {0, 0, 0, 0, 51, 245, 0, 0, 246, 51, 51, 0, 0, 0, 0}, 
  {0, 0, 0, 0, 255, 245, 0, 0, 255, 255, 255, 0, 0, 0, 0}, 
  {0, 0, 0, 0, 153, 0, 255, 255, 255, 246, 51, 0, 0, 0, 0}, 
  {0, 0, 0, 0, 0, 102, 102, 102, 102, 102, 0, 0, 0, 0, 0}, 
  {0, 0, 0, 0, 255, 255, 255, 255, 255, 246, 51, 0, 0, 0, 0}, 
  {0, 0, 0, 255, 255, 255, 255, 255, 246, 51, 102, 102, 0, 0, 0}, 
  {0, 0, 0, 51, 51, 51, 255, 255, 246, 51, 102, 255, 0, 0, 0}
}
  {  {0, 0, 0, 0, 0, 0, 0, 0, 0, 0, 0, 0, 0, 0, 0}, 
  {0, 0, 0, 0, 0, 0, 102, 102, 102, 0, 0, 0, 0, 0, 0}, 
  {0, 0, 0, 0, 0, 255, 255, 255, 255, 255, 0, 0, 0, 0, 0}, 
  {0, 0, 0, 0, 51, 245, 0, 0, 246, 51, 51, 0, 0, 0, 0}, 
  {0, 0, 0, 0, 255, 245, 0, 0, 255, 255, 255, 0, 0, 0, 0}, 
  {0, 0, 0, 0, 153, 0, 255, 255, 255, 246, 51, 0, 0, 0, 0}, 
  {0, 0, 0, 0, 0, 102, 102, 102, 102, 102, 0, 0, 0, 0, 0}, 
  {0, 0, 0, 0, 255, 255, 255, 255, 255, 246, 51, 0, 0, 0, 0}, 
  {0, 0, 0, 255, 255, 255, 255, 255, 246, 51, 102, 102, 0, 0, 0}, 
  {0, 0, 0, 51, 51, 51, 255, 255, 246, 51, 102, 255, 0, 0, 0}
}
  {  {0, 0, 0, 0, 0, 0, 0, 0, 0, 0, 0, 0, 0, 0, 0}, 
  {0, 0, 0, 0, 0, 0, 102, 102, 102, 0, 0, 0, 0, 0, 0}, 
  {0, 0, 0, 0, 0, 255, 255, 255, 255, 255, 0, 0, 0, 0, 0}, 
  {0, 0, 0, 0, 51, 245, 0, 0, 246, 51, 51, 0, 0, 0, 0}, 
  {0, 0, 0, 0, 255, 245, 0, 0, 255, 255, 255, 0, 0, 0, 0}, 
  {0, 0, 0, 0, 153, 0, 255, 255, 255, 246, 51, 0, 0, 0, 0}, 
  {0, 0, 0, 0, 0, 102, 102, 102, 102, 102, 0, 0, 0, 0, 0}, 
  {0, 0, 0, 0, 255, 255, 255, 255, 255, 246, 51, 0, 0, 0, 0}, 
  {0, 0, 0, 255, 255, 255, 255, 255, 246, 51, 102, 102, 0, 0, 0}, 
  {0, 0, 0, 51, 51, 51, 255, 255, 246, 51, 102, 255, 0, 0, 0}
}
  {  {0, 0, 0, 0, 0, 0, 0, 0, 0, 0, 0, 0, 0, 0, 0}, 
  {0, 0, 0, 0, 0, 0, 102, 102, 102, 0, 0, 0, 0, 0, 0}, 
  {0, 0, 0, 0, 0, 255, 255, 255, 255, 255, 0, 0, 0, 0, 0}, 
  {0, 0, 0, 0, 51, 245, 0, 0, 246, 51, 51, 0, 0, 0, 0}, 
  {0, 0, 0, 0, 255, 245, 0, 0, 255, 255, 255, 0, 0, 0, 0}, 
  {0, 0, 0, 0, 153, 0, 255, 255, 255, 246, 51, 0, 0, 0, 0}, 
  {0, 0, 0, 0, 0, 102, 102, 102, 102, 102, 0, 0, 0, 0, 0}, 
  {0, 0, 0, 0, 255, 255, 255, 255, 255, 246, 51, 0, 0, 0, 0}, 
  {0, 0, 0, 255, 255, 255, 255, 255, 246, 51, 102, 102, 0, 0, 0}, 
  {0, 0, 0, 51, 51, 51, 255, 255, 246, 51, 102, 255, 0, 0, 0}
}
  {  {0, 0, 0, 0, 0, 0, 0, 0, 0, 0, 0, 0, 0, 0, 0}, 
  {0, 0, 0, 0, 0, 0, 0, 0, 0, 0, 0, 0, 0, 0, 0}, 
  {0, 0, 0, 0, 0, 102, 102, 102, 0, 0, 0, 0, 0, 0, 0}, 
  {0, 0, 0, 0, 255, 255, 255, 255, 255, 0, 0, 0, 0, 0, 0}, 
  {0, 0, 0, 51, 254, 0, 0, 254, 51, 51, 0, 0, 0, 0, 0}, 
  {0, 0, 0, 255, 255, 0, 0, 254, 255, 255, 0, 0, 0, 0, 0}, 
  {0, 0, 0, 153, 0, 254, 255, 255, 255, 51, 0, 0, 0, 0, 0}, 
  {0, 0, 0, 0, 102, 102, 102, 102, 102, 0, 0, 0, 0, 0, 0}, 
  {0, 0, 0, 255, 255, 255, 255, 255, 255, 51, 0, 0, 0, 0, 0}, 
  {0, 0, 255, 255, 255, 255, 255, 255, 51, 102, 102, 0, 0, 0, 0}
}
  {  {0, 0, 0, 0, 0, 0, 0, 0, 0, 0, 0, 0, 0, 0, 0}, 
  {0, 0, 0, 0, 0, 0, 0, 0, 0, 0, 0, 0, 0, 0, 0}, 
  {0, 0, 0, 0, 0, 0, 0, 0, 0, 0, 0, 0, 0, 0, 0}, 
  {0, 0, 0, 0, 102, 102, 102, 0, 0, 0, 0, 0, 0, 0, 0}, 
  {0, 0, 0, 255, 255, 255, 255, 255, 0, 0, 0, 0, 0, 0, 0}, 
  {0, 0, 51, 245, 0, 0, 244, 51, 51, 0, 0, 0, 0, 0, 0}, 
  {0, 0, 255, 255, 0, 0, 244, 255, 255, 0, 0, 0, 0, 0, 0}, 
  {0, 0, 153, 0, 244, 255, 255, 255, 51, 0, 0, 0, 0, 0, 0}, 
  {0, 0, 0, 102, 102, 102, 102, 102, 0, 0, 0, 0, 0, 0, 0}, 
  {0, 0, 255, 255, 255, 255, 255, 255, 51, 0, 0, 0, 0, 0, 0}
}
  {  {0, 0, 0, 0, 0, 0, 0, 0, 0, 0, 0, 0, 0, 0, 0}, 
  {0, 0, 0, 0, 0, 0, 0, 0, 0, 0, 0, 0, 0, 0, 0}, 
  {0, 0, 0, 0, 0, 0, 0, 0, 0, 0, 0, 0, 0, 0, 0}, 
  {0, 0, 0, 0, 0, 0, 0, 0, 0, 0, 0, 0, 0, 0, 0}, 
  {0, 0, 0, 102, 102, 102, 0, 0, 0, 0, 0, 0, 0, 0, 0}, 
  {0, 0, 255, 255, 255, 255, 255, 0, 0, 0, 0, 0, 0, 0, 0}, 
  {0, 51, 236, 0, 0, 233, 51, 51, 0, 0, 0, 0, 0, 0, 0}, 
  {0, 255, 255, 0, 0, 233, 255, 255, 0, 0, 0, 0, 0, 0, 0}, 
  {0, 153, 0, 233, 255, 255, 255, 51, 0, 0, 0, 0, 0, 0, 0}, 
  {0, 0, 102, 102, 102, 102, 102, 0, 0, 0, 0, 0, 0, 0, 0}
}
  {  {0, 0, 0, 0, 0, 0, 0, 0, 0, 0, 0, 0, 0, 0, 0}, 
  {0, 0, 0, 0, 0, 0, 0, 0, 0, 0, 0, 0, 0, 0, 0}, 
  {0, 0, 0, 0, 0, 0, 0, 0, 0, 0, 0, 0, 0, 0, 0}, 
  {0, 0, 0, 0, 0, 0, 0, 0, 0, 0, 0, 0, 0, 0, 0}, 
  {0, 0, 0, 0, 0, 0, 0, 0, 0, 0, 0, 0, 0, 0, 0}, 
  {0, 0, 102, 102, 102, 0, 0, 0, 0, 0, 0, 0, 0, 0, 0}, 
  {0, 255, 255, 255, 255, 255, 0, 0, 0, 0, 0, 0, 0, 0, 0}, 
  {51, 226, 51, 0, 223, 51, 51, 0, 0, 0, 0, 0, 0, 0, 0}, 
  {255, 255, 51, 0, 223, 255, 255, 0, 0, 0, 0, 0, 0, 0, 0}, 
  {153, 0, 223, 255, 255, 255, 51, 0, 0, 0, 0, 0, 0, 0, 0}
}
  {  {0, 0, 0, 0, 0, 0, 0, 0, 0, 0, 0, 0, 0, 0, 0}, 
  {0, 0, 0, 0, 0, 0, 0, 0, 0, 0, 0, 0, 0, 0, 0}, 
  {0, 0, 0, 0, 0, 0, 0, 0, 0, 0, 0, 0, 0, 0, 0}, 
  {0, 0, 0, 0, 0, 0, 0, 0, 0, 0, 0, 0, 0, 0, 0}, 
  {0, 0, 0, 0, 0, 0, 0, 0, 0, 0, 0, 0, 0, 0, 0}, 
  {0, 0, 0, 0, 0, 0, 0, 0, 0, 0, 0, 0, 0, 0, 0}, 
  {0, 102, 102, 102, 0, 0, 0, 0, 0, 0, 0, 0, 0, 0, 0}, 
  {255, 255, 255, 255, 255, 0, 0, 0, 0, 0, 0, 0, 0, 0, 0}, 
  {217, 51, 0, 212, 51, 51, 0, 0, 0, 0, 0, 0, 0, 0, 0}, 
  {255, 51, 0, 212, 255, 255, 0, 0, 0, 0, 0, 0, 0, 0, 0}
}
  {  {0, 0, 0, 0, 0, 0, 0, 0, 0, 0, 0, 0, 0, 0, 0}, 
  {0, 0, 0, 0, 0, 0, 0, 0, 0, 0, 0, 0, 0, 0, 0}, 
  {0, 0, 0, 0, 0, 0, 0, 0, 0, 0, 0, 0, 0, 0, 0}, 
  {0, 0, 0, 0, 0, 0, 0, 0, 0, 0, 0, 0, 0, 0, 0}, 
  {0, 0, 0, 0, 0, 0, 0, 0, 0, 0, 0, 0, 0, 0, 0}, 
  {0, 0, 0, 0, 0, 0, 0, 0, 0, 0, 0, 0, 0, 0, 0}, 
  {0, 0, 0, 0, 0, 0, 0, 0, 0, 0, 0, 0, 0, 0, 0}, 
  {102, 102, 102, 0, 0, 0, 0, 0, 0, 0, 0, 0, 0, 0, 0}, 
  {255, 255, 255, 255, 0, 0, 0, 0, 0, 0, 0, 0, 0, 0, 0}, 
  {54, 0, 201, 51, 51, 0, 0, 0, 0, 0, 0, 0, 0, 0, 0}
}
  {  {0, 0, 0, 0, 0, 0, 0, 0, 0, 0, 0, 0, 0, 0, 0}, 
  {0, 0, 0, 0, 0, 0, 0, 0, 0, 0, 0, 0, 0, 0, 0}, 
  {0, 0, 0, 0, 0, 0, 0, 0, 0, 0, 0, 0, 0, 0, 0}, 
  {0, 0, 0, 0, 0, 0, 0, 0, 0, 0, 0, 0, 0, 0, 0}, 
  {0, 0, 0, 0, 0, 0, 0, 0, 0, 0, 0, 0, 0, 0, 0}, 
  {0, 0, 0, 0, 0, 0, 0, 0, 0, 0, 0, 0, 0, 0, 0}, 
  {0, 0, 0, 0, 0, 0, 0, 0, 0, 0, 0, 0, 0, 0, 0}, 
  {0, 0, 0, 0, 0, 0, 0, 0, 0, 0, 0, 0, 0, 0, 0}, 
  {102, 102, 0, 0, 0, 0, 0, 0, 0, 0, 0, 0, 0, 0, 0}, 
  {254, 255, 255, 0, 0, 0, 0, 0, 0, 0, 0, 0, 0, 0, 0}
}
  {  {0, 0, 0, 0, 0, 0, 0, 0, 0, 0, 0, 0, 0, 0, 0}, 
  {0, 0, 0, 0, 0, 0, 0, 0, 0, 0, 0, 0, 0, 0, 0}, 
  {0, 0, 0, 0, 0, 0, 0, 0, 0, 0, 0, 0, 0, 0, 0}, 
  {0, 0, 0, 0, 0, 0, 0, 0, 0, 0, 0, 0, 0, 0, 0}, 
  {0, 0, 0, 0, 0, 0, 0, 0, 0, 0, 0, 0, 0, 0, 0}, 
  {0, 0, 0, 0, 0, 0, 0, 0, 0, 0, 0, 0, 0, 0, 0}, 
  {0, 0, 0, 0, 0, 0, 0, 0, 0, 0, 0, 0, 0, 0, 0}, 
  {0, 0, 0, 0, 0, 0, 0, 0, 0, 0, 0, 0, 0, 0, 0}, 
  {0, 0, 0, 0, 0, 0, 0, 0, 0, 0, 0, 0, 0, 0, 0}, 
  {102, 0, 0, 0, 0, 0, 0, 0, 0, 0, 0, 0, 0, 0, 0}
}
  {  {0, 0, 0, 0, 0, 0, 0, 0, 0, 0, 0, 0, 0, 0, 0}, 
  {0, 0, 0, 0, 0, 0, 0, 0, 0, 0, 0, 0, 0, 0, 0}, 
  {0, 0, 0, 0, 0, 0, 0, 0, 0, 0, 0, 0, 0, 0, 0}, 
  {0, 0, 0, 0, 0, 0, 0, 0, 0, 0, 0, 0, 0, 0, 0}, 
  {0, 0, 0, 0, 0, 0, 0, 0, 0, 0, 0, 0, 0, 0, 0}, 
  {0, 0, 0, 0, 0, 0, 0, 0, 0, 0, 0, 0, 0, 0, 0}, 
  {0, 0, 0, 0, 0, 0, 0, 0, 0, 0, 0, 0, 0, 0, 0}, 
  {0, 0, 0, 0, 0, 0, 0, 0, 0, 0, 0, 0, 0, 0, 0}, 
  {0, 0, 0, 0, 0, 0, 0, 0, 0, 0, 0, 0, 0, 0, 0}, 
  {0, 0, 0, 0, 0, 0, 0, 0, 0, 0, 0, 0, 0, 0, 0}
}
  {  {0, 0, 0, 0, 0, 0, 0, 0, 0, 0, 0, 0, 0, 0, 0}, 
  {0, 0, 0, 0, 0, 0, 0, 0, 0, 0, 0, 0, 0, 0, 0}, 
  {0, 0, 0, 0, 0, 0, 0, 0, 0, 0, 0, 0, 0, 0, 0}, 
  {0, 0, 0, 0, 0, 0, 0, 0, 0, 0, 0, 0, 0, 0, 0}, 
  {0, 0, 0, 0, 0, 0, 0, 0, 0, 0, 0, 0, 0, 0, 0}, 
  {0, 0, 0, 0, 0, 0, 0, 0, 0, 0, 0, 0, 0, 0, 0}, 
  {0, 0, 0, 0, 0, 0, 0, 0, 0, 0, 0, 0, 0, 0, 0}, 
  {0, 0, 0, 0, 0, 0, 0, 0, 0, 0, 0, 0, 0, 0, 0}, 
  {0, 0, 0, 0, 0, 0, 0, 0, 0, 0, 0, 0, 0, 0, 0}, 
  {0, 0, 0, 0, 0, 0, 0, 0, 0, 0, 0, 0, 0, 0, 0}
}
  {  {0, 0, 0, 0, 0, 0, 0, 0, 0, 0, 0, 0, 0, 0, 0}, 
  {0, 0, 0, 0, 0, 0, 0, 0, 0, 0, 0, 0, 0, 0, 0}, 
  {0, 0, 0, 0, 0, 0, 0, 0, 0, 0, 0, 0, 0, 0, 0}, 
  {0, 0, 0, 0, 0, 0, 0, 0, 0, 0, 0, 0, 0, 0, 0}, 
  {0, 0, 0, 0, 0, 0, 0, 0, 0, 0, 0, 0, 0, 0, 0}, 
  {0, 0, 0, 0, 0, 0, 0, 0, 0, 0, 0, 0, 0, 0, 0}, 
  {0, 0, 0, 0, 0, 0, 0, 0, 0, 0, 0, 0, 0, 0, 0}, 
  {0, 0, 0, 0, 0, 0, 0, 0, 0, 0, 0, 0, 0, 0, 0}, 
  {0, 0, 0, 0, 0, 0, 0, 0, 0, 0, 0, 0, 0, 0, 0}, 
  {0, 0, 0, 0, 0, 0, 0, 0, 0, 0, 0, 0, 0, 0, 0}
}
  {  {0, 0, 0, 0, 0, 0, 0, 0, 0, 0, 0, 0, 0, 0, 0}, 
  {0, 0, 0, 0, 0, 0, 0, 0, 0, 0, 0, 0, 0, 0, 0}, 
  {0, 0, 0, 0, 0, 0, 0, 0, 0, 0, 0, 0, 0, 0, 0}, 
  {0, 0, 0, 0, 0, 0, 0, 0, 0, 0, 0, 0, 0, 0, 0}, 
  {0, 0, 0, 0, 0, 0, 0, 0, 0, 0, 0, 0, 0, 0, 0}, 
  {0, 0, 0, 0, 0, 0, 0, 0, 0, 0, 0, 0, 0, 0, 0}, 
  {0, 0, 0, 0, 0, 0, 0, 0, 0, 0, 0, 0, 0, 0, 0}, 
  {0, 0, 0, 0, 0, 0, 0, 0, 0, 0, 0, 0, 0, 0, 0}, 
  {0, 0, 0, 0, 0, 0, 0, 0, 0, 0, 0, 0, 0, 0, 0}, 
  {0, 0, 0, 0, 0, 0, 0, 0, 0, 0, 0, 0, 0, 0, 0}
}
  {  {0, 0, 0, 0, 0, 0, 0, 0, 0, 0, 0, 0, 0, 0, 0}, 
  {0, 0, 0, 0, 0, 0, 0, 0, 0, 0, 0, 0, 0, 0, 0}, 
  {0, 0, 0, 0, 0, 0, 0, 0, 0, 0, 0, 0, 0, 0, 0}, 
  {0, 0, 0, 0, 0, 0, 0, 0, 0, 0, 0, 0, 0, 0, 0}, 
  {0, 0, 0, 0, 0, 0, 0, 0, 0, 0, 0, 0, 0, 0, 0}, 
  {0, 0, 0, 0, 0, 0, 0, 0, 0, 0, 0, 0, 0, 0, 0}, 
  {0, 0, 0, 0, 0, 0, 0, 0, 0, 0, 0, 0, 0, 0, 0}, 
  {0, 0, 0, 0, 0, 0, 0, 0, 0, 0, 0, 0, 0, 0, 0}, 
  {0, 0, 0, 0, 0, 0, 0, 0, 0, 0, 0, 0, 0, 0, 0}, 
  {0, 0, 0, 0, 0, 0, 0, 0, 0, 0, 0, 0, 0, 0, 0}
}
