byte hopgif_reds[106][10][15]=
  {  {0, 0, 0, 0, 0, 0, 0, 0, 0, 0, 0, 0, 0, 0, 0}, 
  {0, 0, 0, 0, 0, 0, 0, 0, 0, 0, 0, 0, 0, 0, 0}, 
  {0, 255, 255, 255, 255, 0, 0, 255, 0, 0, 255, 255, 255, 0, 0}, 
  {0, 0, 0, 0, 255, 0, 255, 255, 0, 0, 0, 0, 0, 255, 0}, 
  {0, 0, 0, 255, 0, 0, 0, 255, 0, 0, 0, 0, 0, 255, 0}, 
  {0, 0, 255, 0, 0, 0, 0, 255, 0, 0, 0, 255, 255, 0, 0}, 
  {0, 0, 255, 0, 0, 0, 0, 255, 0, 0, 255, 0, 0, 0, 0}, 
  {0, 0, 255, 0, 0, 0, 255, 255, 255, 0, 255, 255, 255, 255, 0}, 
  {0, 0, 0, 0, 0, 0, 0, 0, 0, 0, 0, 0, 0, 0, 0}, 
  {0, 0, 0, 0, 0, 0, 0, 0, 0, 0, 0, 0, 0, 0, 0}
}, 
  {  {0, 0, 0, 0, 0, 0, 0, 0, 0, 0, 0, 0, 0, 0, 0}, 
  {255, 255, 255, 255, 0, 0, 0, 0, 0, 0, 0, 0, 0, 0, 0}, 
  {0, 0, 0, 255, 0, 0, 0, 255, 0, 0, 255, 255, 255, 0, 0}, 
  {0, 0, 255, 0, 0, 0, 255, 255, 0, 0, 0, 0, 0, 255, 0}, 
  {0, 255, 0, 0, 0, 0, 0, 255, 0, 0, 0, 0, 0, 255, 0}, 
  {0, 255, 0, 0, 0, 0, 0, 255, 0, 0, 0, 255, 255, 0, 0}, 
  {0, 255, 0, 0, 0, 0, 0, 255, 0, 0, 255, 0, 0, 0, 0}, 
  {0, 0, 0, 0, 0, 0, 255, 255, 255, 0, 255, 255, 255, 255, 0}, 
  {0, 0, 0, 0, 0, 0, 0, 0, 0, 0, 0, 0, 0, 0, 0}, 
  {0, 0, 0, 0, 0, 0, 0, 0, 0, 0, 0, 0, 0, 0, 0}
}, 
  {  {0, 0, 0, 0, 0, 0, 0, 0, 0, 0, 0, 0, 0, 0, 0}, 
  {0, 0, 0, 0, 0, 0, 0, 0, 0, 0, 0, 0, 0, 0, 0}, 
  {255, 255, 255, 0, 0, 0, 0, 255, 0, 0, 255, 255, 255, 0, 0}, 
  {0, 0, 255, 0, 0, 0, 255, 255, 0, 0, 0, 0, 0, 255, 0}, 
  {0, 255, 0, 0, 0, 0, 0, 255, 0, 0, 0, 0, 0, 255, 0}, 
  {255, 0, 0, 0, 0, 0, 0, 255, 0, 0, 0, 255, 255, 0, 0}, 
  {255, 0, 0, 0, 0, 0, 0, 255, 0, 0, 255, 0, 0, 0, 0}, 
  {255, 0, 0, 0, 0, 0, 255, 255, 255, 0, 255, 255, 255, 255, 0}, 
  {0, 0, 0, 0, 0, 0, 0, 0, 0, 0, 0, 0, 0, 0, 0}, 
  {0, 0, 0, 0, 0, 0, 0, 0, 0, 0, 0, 0, 0, 0, 0}
}, 
  {  {0, 0, 0, 0, 0, 0, 0, 0, 0, 0, 0, 0, 0, 0, 0}, 
  {0, 0, 0, 0, 0, 0, 255, 0, 0, 0, 0, 0, 0, 0, 0}, 
  {255, 255, 255, 0, 0, 255, 255, 0, 0, 0, 255, 255, 255, 0, 0}, 
  {0, 0, 255, 0, 0, 0, 255, 0, 0, 0, 0, 0, 0, 255, 0}, 
  {0, 255, 0, 0, 0, 0, 255, 0, 0, 0, 0, 0, 0, 255, 0}, 
  {255, 0, 0, 0, 0, 0, 255, 0, 0, 0, 0, 255, 255, 0, 0}, 
  {255, 0, 0, 0, 0, 255, 255, 255, 0, 0, 255, 0, 0, 0, 0}, 
  {255, 0, 0, 0, 0, 0, 0, 0, 0, 0, 255, 255, 255, 255, 0}, 
  {0, 0, 0, 0, 0, 0, 0, 0, 0, 0, 0, 0, 0, 0, 0}, 
  {0, 0, 0, 0, 0, 0, 0, 0, 0, 0, 0, 0, 0, 0, 0}
}, 
  {  {0, 0, 0, 0, 0, 0, 0, 0, 0, 0, 0, 0, 0, 0, 0}, 
  {0, 0, 0, 0, 0, 0, 0, 0, 0, 0, 0, 0, 0, 0, 0}, 
  {255, 255, 255, 0, 0, 255, 0, 0, 0, 0, 255, 255, 255, 0, 0}, 
  {0, 0, 255, 0, 255, 255, 0, 0, 0, 0, 0, 0, 0, 255, 0}, 
  {0, 255, 0, 0, 0, 255, 0, 0, 0, 0, 0, 0, 0, 255, 0}, 
  {255, 0, 0, 0, 0, 255, 0, 0, 0, 0, 0, 255, 255, 0, 0}, 
  {255, 0, 0, 0, 0, 255, 0, 0, 0, 0, 255, 0, 0, 0, 0}, 
  {255, 0, 0, 0, 255, 255, 255, 0, 0, 0, 255, 255, 255, 255, 0}, 
  {0, 0, 0, 0, 0, 0, 0, 0, 0, 0, 0, 0, 0, 0, 0}, 
  {0, 0, 0, 0, 0, 0, 0, 0, 0, 0, 0, 0, 0, 0, 0}
}, 
  {  {0, 0, 0, 0, 0, 0, 0, 0, 0, 0, 0, 0, 0, 0, 0}, 
  {0, 0, 0, 0, 0, 0, 0, 0, 0, 255, 255, 255, 0, 0, 0}, 
  {255, 255, 255, 0, 0, 255, 0, 0, 0, 0, 0, 0, 255, 0, 0}, 
  {0, 0, 255, 0, 255, 255, 0, 0, 0, 0, 0, 0, 255, 0, 0}, 
  {0, 255, 0, 0, 0, 255, 0, 0, 0, 0, 255, 255, 0, 0, 0}, 
  {255, 0, 0, 0, 0, 255, 0, 0, 0, 255, 0, 0, 0, 0, 0}, 
  {255, 0, 0, 0, 0, 255, 0, 0, 0, 255, 255, 255, 255, 0, 0}, 
  {255, 0, 0, 0, 255, 255, 255, 0, 0, 0, 0, 0, 0, 0, 0}, 
  {0, 0, 0, 0, 0, 0, 0, 0, 0, 0, 0, 0, 0, 0, 0}, 
  {0, 0, 0, 0, 0, 0, 0, 0, 0, 0, 0, 0, 0, 0, 0}
}, 
  {  {0, 0, 0, 0, 0, 0, 0, 0, 0, 0, 0, 0, 0, 0, 0}, 
  {0, 0, 0, 0, 0, 0, 0, 0, 0, 0, 0, 0, 0, 0, 0}, 
  {255, 255, 255, 0, 0, 255, 0, 0, 255, 255, 255, 0, 0, 0, 0}, 
  {0, 0, 255, 0, 255, 255, 0, 0, 0, 0, 0, 255, 0, 0, 0}, 
  {0, 255, 0, 0, 0, 255, 0, 0, 0, 0, 0, 255, 0, 0, 0}, 
  {255, 0, 0, 0, 0, 255, 0, 0, 0, 255, 255, 0, 0, 0, 0}, 
  {255, 0, 0, 0, 0, 255, 0, 0, 255, 0, 0, 0, 0, 0, 0}, 
  {255, 0, 0, 0, 255, 255, 255, 0, 255, 255, 255, 255, 0, 0, 0}, 
  {0, 0, 0, 0, 0, 0, 0, 0, 0, 0, 0, 0, 0, 0, 0}, 
  {0, 0, 0, 0, 0, 0, 0, 0, 0, 0, 0, 0, 0, 0, 0}
}, 
  {  {0, 0, 0, 0, 0, 0, 0, 0, 0, 0, 0, 0, 0, 0, 0}, 
  {0, 0, 0, 0, 0, 0, 0, 0, 0, 0, 0, 0, 0, 0, 255}, 
  {255, 255, 255, 0, 0, 255, 0, 0, 255, 255, 255, 0, 0, 0, 255}, 
  {0, 0, 255, 0, 255, 255, 0, 0, 0, 0, 0, 255, 0, 0, 0}, 
  {0, 255, 0, 0, 0, 255, 0, 0, 0, 0, 0, 255, 0, 0, 0}, 
  {255, 0, 0, 0, 0, 255, 0, 0, 0, 255, 255, 0, 0, 0, 0}, 
  {255, 0, 0, 0, 0, 255, 0, 0, 255, 0, 0, 0, 0, 0, 255}, 
  {255, 0, 0, 0, 255, 255, 255, 0, 255, 255, 255, 255, 0, 0, 0}, 
  {0, 0, 0, 0, 0, 0, 0, 0, 0, 0, 0, 0, 0, 0, 0}, 
  {0, 0, 0, 0, 0, 0, 0, 0, 0, 0, 0, 0, 0, 0, 0}
}, 
  {  {0, 0, 0, 0, 0, 0, 0, 0, 0, 0, 0, 0, 0, 0, 0}, 
  {0, 0, 0, 0, 0, 0, 0, 0, 0, 0, 0, 0, 0, 0, 0}, 
  {255, 255, 255, 0, 0, 255, 0, 0, 255, 255, 255, 0, 0, 255, 255}, 
  {0, 0, 255, 0, 255, 255, 0, 0, 0, 0, 0, 255, 0, 255, 0}, 
  {0, 255, 0, 0, 0, 255, 0, 0, 0, 0, 0, 255, 0, 0, 255}, 
  {255, 0, 0, 0, 0, 255, 0, 0, 0, 255, 255, 0, 0, 0, 0}, 
  {255, 0, 0, 0, 0, 255, 0, 0, 255, 0, 0, 0, 0, 0, 0}, 
  {255, 0, 0, 0, 255, 255, 255, 0, 255, 255, 255, 255, 0, 255, 255}, 
  {0, 0, 0, 0, 0, 0, 0, 0, 0, 0, 0, 0, 0, 0, 0}, 
  {0, 0, 0, 0, 0, 0, 0, 0, 0, 0, 0, 0, 0, 0, 0}
}, 
  {  {0, 0, 0, 0, 0, 0, 0, 0, 0, 0, 0, 0, 0, 0, 0}, 
  {255, 255, 0, 0, 0, 0, 0, 0, 0, 0, 0, 0, 0, 0, 0}, 
  {0, 255, 0, 0, 0, 255, 0, 0, 255, 255, 255, 0, 0, 255, 255}, 
  {255, 0, 0, 0, 255, 255, 0, 0, 0, 0, 0, 255, 0, 255, 0}, 
  {0, 0, 0, 0, 0, 255, 0, 0, 0, 0, 0, 255, 0, 0, 255}, 
  {0, 0, 0, 0, 0, 255, 0, 0, 0, 255, 255, 0, 0, 0, 0}, 
  {0, 0, 0, 0, 0, 255, 0, 0, 255, 0, 0, 0, 0, 0, 0}, 
  {0, 0, 0, 0, 255, 255, 255, 0, 255, 255, 255, 255, 0, 255, 255}, 
  {0, 0, 0, 0, 0, 0, 0, 0, 0, 0, 0, 0, 0, 0, 0}, 
  {0, 0, 0, 0, 0, 0, 0, 0, 0, 0, 0, 0, 0, 0, 0}
}, 
  {  {0, 0, 0, 0, 0, 0, 0, 0, 0, 0, 0, 0, 0, 0, 0}, 
  {0, 0, 0, 0, 0, 0, 0, 0, 0, 0, 0, 0, 0, 0, 0}, 
  {255, 0, 0, 0, 0, 255, 0, 0, 255, 255, 255, 0, 0, 255, 255}, 
  {255, 0, 0, 0, 255, 255, 0, 0, 0, 0, 0, 255, 0, 255, 0}, 
  {0, 0, 0, 0, 0, 255, 0, 0, 0, 0, 0, 255, 0, 0, 255}, 
  {0, 0, 0, 0, 0, 255, 0, 0, 0, 255, 255, 0, 0, 0, 0}, 
  {0, 0, 0, 0, 0, 255, 0, 0, 255, 0, 0, 0, 0, 0, 0}, 
  {0, 0, 0, 0, 255, 255, 255, 0, 255, 255, 255, 255, 0, 255, 255}, 
  {0, 0, 0, 0, 0, 0, 0, 0, 0, 0, 0, 0, 0, 0, 0}, 
  {0, 0, 0, 0, 0, 0, 0, 0, 0, 0, 0, 0, 0, 0, 0}
}, 
  {  {0, 0, 0, 0, 0, 0, 0, 0, 0, 0, 0, 0, 0, 0, 0}, 
  {0, 0, 0, 0, 255, 0, 0, 0, 0, 0, 0, 0, 0, 0, 0}, 
  {255, 0, 0, 255, 255, 0, 0, 0, 255, 255, 255, 0, 0, 255, 255}, 
  {255, 0, 0, 0, 255, 0, 0, 0, 0, 0, 0, 255, 0, 255, 0}, 
  {0, 0, 0, 0, 255, 0, 0, 0, 0, 0, 0, 255, 0, 0, 255}, 
  {0, 0, 0, 0, 255, 0, 0, 0, 0, 255, 255, 0, 0, 0, 0}, 
  {0, 0, 0, 255, 255, 255, 0, 0, 255, 0, 0, 0, 0, 0, 0}, 
  {0, 0, 0, 0, 0, 0, 0, 0, 255, 255, 255, 255, 0, 255, 255}, 
  {0, 0, 0, 0, 0, 0, 0, 0, 0, 0, 0, 0, 0, 0, 0}, 
  {0, 0, 0, 0, 0, 0, 0, 0, 0, 0, 0, 0, 0, 0, 0}
}, 
  {  {0, 0, 0, 0, 0, 0, 0, 0, 0, 0, 0, 0, 0, 0, 0}, 
  {0, 0, 0, 0, 0, 0, 0, 0, 0, 0, 0, 0, 0, 0, 0}, 
  {255, 0, 0, 255, 0, 0, 0, 0, 255, 255, 255, 0, 0, 255, 255}, 
  {255, 0, 255, 255, 0, 0, 0, 0, 0, 0, 0, 255, 0, 255, 0}, 
  {0, 0, 0, 255, 0, 0, 0, 0, 0, 0, 0, 255, 0, 0, 255}, 
  {0, 0, 0, 255, 0, 0, 0, 0, 0, 255, 255, 0, 0, 0, 0}, 
  {0, 0, 0, 255, 0, 0, 0, 0, 255, 0, 0, 0, 0, 0, 0}, 
  {0, 0, 255, 255, 255, 0, 0, 0, 255, 255, 255, 255, 0, 255, 255}, 
  {0, 0, 0, 0, 0, 0, 0, 0, 0, 0, 0, 0, 0, 0, 0}, 
  {0, 0, 0, 0, 0, 0, 0, 0, 0, 0, 0, 0, 0, 0, 0}
}, 
  {  {0, 0, 0, 0, 0, 0, 0, 0, 0, 0, 0, 0, 0, 0, 0}, 
  {0, 0, 0, 0, 0, 0, 0, 255, 255, 255, 0, 0, 0, 0, 0}, 
  {255, 0, 0, 255, 0, 0, 0, 0, 0, 0, 255, 0, 0, 255, 255}, 
  {255, 0, 255, 255, 0, 0, 0, 0, 0, 0, 255, 0, 0, 255, 0}, 
  {0, 0, 0, 255, 0, 0, 0, 0, 255, 255, 0, 0, 0, 0, 255}, 
  {0, 0, 0, 255, 0, 0, 0, 255, 0, 0, 0, 0, 0, 0, 0}, 
  {0, 0, 0, 255, 0, 0, 0, 255, 255, 255, 255, 0, 0, 0, 0}, 
  {0, 0, 255, 255, 255, 0, 0, 0, 0, 0, 0, 0, 0, 255, 255}, 
  {0, 0, 0, 0, 0, 0, 0, 0, 0, 0, 0, 0, 0, 0, 0}, 
  {0, 0, 0, 0, 0, 0, 0, 0, 0, 0, 0, 0, 0, 0, 0}
}, 
  {  {0, 0, 0, 0, 0, 0, 0, 0, 0, 0, 0, 0, 0, 0, 0}, 
  {0, 0, 0, 0, 0, 0, 0, 0, 0, 0, 0, 0, 0, 0, 0}, 
  {255, 0, 0, 255, 0, 0, 255, 255, 255, 0, 0, 0, 0, 255, 255}, 
  {255, 0, 255, 255, 0, 0, 0, 0, 0, 255, 0, 0, 0, 255, 0}, 
  {0, 0, 0, 255, 0, 0, 0, 0, 0, 255, 0, 0, 0, 0, 255}, 
  {0, 0, 0, 255, 0, 0, 0, 255, 255, 0, 0, 0, 0, 0, 0}, 
  {0, 0, 0, 255, 0, 0, 255, 0, 0, 0, 0, 0, 0, 0, 0}, 
  {0, 0, 255, 255, 255, 0, 255, 255, 255, 255, 0, 0, 0, 255, 255}, 
  {0, 0, 0, 0, 0, 0, 0, 0, 0, 0, 0, 0, 0, 0, 0}, 
  {0, 0, 0, 0, 0, 0, 0, 0, 0, 0, 0, 0, 0, 0, 0}
}, 
  {  {0, 0, 0, 0, 0, 0, 0, 0, 0, 0, 0, 0, 0, 0, 0}, 
  {0, 0, 0, 0, 0, 0, 0, 0, 0, 0, 0, 0, 255, 255, 255}, 
  {255, 0, 0, 255, 0, 0, 255, 255, 255, 0, 0, 0, 255, 0, 0}, 
  {255, 0, 255, 255, 0, 0, 0, 0, 0, 255, 0, 0, 0, 255, 255}, 
  {0, 0, 0, 255, 0, 0, 0, 0, 0, 255, 0, 0, 0, 0, 0}, 
  {0, 0, 0, 255, 0, 0, 0, 255, 255, 0, 0, 0, 0, 0, 0}, 
  {0, 0, 0, 255, 0, 0, 255, 0, 0, 0, 0, 0, 255, 255, 255}, 
  {0, 0, 255, 255, 255, 0, 255, 255, 255, 255, 0, 0, 0, 0, 0}, 
  {0, 0, 0, 0, 0, 0, 0, 0, 0, 0, 0, 0, 0, 0, 0}, 
  {0, 0, 0, 0, 0, 0, 0, 0, 0, 0, 0, 0, 0, 0, 0}
}, 
  {  {0, 0, 0, 0, 0, 0, 0, 0, 0, 0, 0, 0, 0, 0, 0}, 
  {0, 0, 0, 0, 0, 0, 0, 0, 0, 0, 0, 0, 0, 0, 0}, 
  {255, 0, 0, 255, 0, 0, 255, 255, 255, 0, 0, 255, 255, 255, 255}, 
  {255, 0, 255, 255, 0, 0, 0, 0, 0, 255, 0, 255, 0, 0, 0}, 
  {0, 0, 0, 255, 0, 0, 0, 0, 0, 255, 0, 0, 255, 255, 0}, 
  {0, 0, 0, 255, 0, 0, 0, 255, 255, 0, 0, 0, 0, 0, 255}, 
  {0, 0, 0, 255, 0, 0, 255, 0, 0, 0, 0, 0, 0, 0, 255}, 
  {0, 0, 255, 255, 255, 0, 255, 255, 255, 255, 0, 255, 255, 255, 0}, 
  {0, 0, 0, 0, 0, 0, 0, 0, 0, 0, 0, 0, 0, 0, 0}, 
  {0, 0, 0, 0, 0, 0, 0, 0, 0, 0, 0, 0, 0, 0, 0}
}, 
  {  {0, 0, 0, 0, 0, 0, 0, 0, 0, 0, 0, 0, 0, 0, 0}, 
  {0, 0, 0, 0, 0, 0, 0, 0, 0, 0, 0, 0, 0, 0, 0}, 
  {0, 0, 0, 255, 0, 0, 255, 255, 255, 0, 0, 255, 255, 255, 255}, 
  {0, 0, 255, 255, 0, 0, 0, 0, 0, 255, 0, 255, 0, 0, 0}, 
  {0, 0, 0, 255, 0, 0, 0, 0, 0, 255, 0, 0, 255, 255, 0}, 
  {0, 0, 0, 255, 0, 0, 0, 255, 255, 0, 0, 0, 0, 0, 255}, 
  {0, 0, 0, 255, 0, 0, 255, 0, 0, 0, 0, 0, 0, 0, 255}, 
  {0, 0, 255, 255, 255, 0, 255, 255, 255, 255, 0, 255, 255, 255, 0}, 
  {0, 0, 0, 0, 0, 0, 0, 0, 0, 0, 0, 0, 0, 0, 0}, 
  {0, 0, 0, 0, 0, 0, 0, 0, 0, 0, 0, 0, 0, 0, 0}
}, 
  {  {0, 0, 0, 0, 0, 0, 0, 0, 0, 0, 0, 0, 0, 0, 0}, 
  {0, 0, 0, 0, 0, 0, 0, 0, 0, 0, 0, 0, 0, 0, 0}, 
  {0, 0, 0, 255, 0, 0, 255, 255, 255, 0, 0, 255, 255, 255, 255}, 
  {0, 0, 255, 255, 0, 0, 0, 0, 0, 255, 0, 255, 0, 0, 0}, 
  {0, 0, 0, 255, 0, 0, 0, 0, 0, 255, 0, 0, 255, 255, 0}, 
  {0, 0, 0, 255, 0, 0, 0, 255, 255, 0, 0, 0, 0, 0, 255}, 
  {0, 0, 0, 255, 0, 0, 255, 0, 0, 0, 0, 0, 0, 0, 255}, 
  {0, 0, 255, 255, 255, 0, 255, 255, 255, 255, 0, 255, 255, 255, 0}, 
  {0, 0, 0, 0, 0, 0, 0, 0, 0, 0, 0, 0, 0, 0, 0}, 
  {0, 0, 0, 0, 0, 0, 0, 0, 0, 0, 0, 0, 0, 0, 0}
}, 
  {  {0, 0, 0, 0, 0, 0, 0, 0, 0, 0, 0, 0, 0, 0, 0}, 
  {0, 0, 255, 0, 0, 0, 0, 0, 0, 0, 0, 0, 0, 0, 0}, 
  {0, 255, 255, 0, 0, 0, 255, 255, 255, 0, 0, 255, 255, 255, 255}, 
  {0, 0, 255, 0, 0, 0, 0, 0, 0, 255, 0, 255, 0, 0, 0}, 
  {0, 0, 255, 0, 0, 0, 0, 0, 0, 255, 0, 0, 255, 255, 0}, 
  {0, 0, 255, 0, 0, 0, 0, 255, 255, 0, 0, 0, 0, 0, 255}, 
  {0, 255, 255, 255, 0, 0, 255, 0, 0, 0, 0, 0, 0, 0, 255}, 
  {0, 0, 0, 0, 0, 0, 255, 255, 255, 255, 0, 255, 255, 255, 0}, 
  {0, 0, 0, 0, 0, 0, 0, 0, 0, 0, 0, 0, 0, 0, 0}, 
  {0, 0, 0, 0, 0, 0, 0, 0, 0, 0, 0, 0, 0, 0, 0}
}, 
  {  {0, 0, 0, 0, 0, 0, 0, 0, 0, 0, 0, 0, 0, 0, 0}, 
  {0, 0, 0, 0, 0, 0, 0, 0, 0, 0, 0, 0, 0, 0, 0}, 
  {0, 255, 0, 0, 0, 0, 255, 255, 255, 0, 0, 255, 255, 255, 255}, 
  {255, 255, 0, 0, 0, 0, 0, 0, 0, 255, 0, 255, 0, 0, 0}, 
  {0, 255, 0, 0, 0, 0, 0, 0, 0, 255, 0, 0, 255, 255, 0}, 
  {0, 255, 0, 0, 0, 0, 0, 255, 255, 0, 0, 0, 0, 0, 255}, 
  {0, 255, 0, 0, 0, 0, 255, 0, 0, 0, 0, 0, 0, 0, 255}, 
  {255, 255, 255, 0, 0, 0, 255, 255, 255, 255, 0, 255, 255, 255, 0}, 
  {0, 0, 0, 0, 0, 0, 0, 0, 0, 0, 0, 0, 0, 0, 0}, 
  {0, 0, 0, 0, 0, 0, 0, 0, 0, 0, 0, 0, 0, 0, 0}
}, 
  {  {0, 0, 0, 0, 0, 0, 0, 0, 0, 0, 0, 0, 0, 0, 0}, 
  {0, 0, 0, 0, 0, 255, 255, 255, 0, 0, 0, 0, 0, 0, 0}, 
  {0, 255, 0, 0, 0, 0, 0, 0, 255, 0, 0, 255, 255, 255, 255}, 
  {255, 255, 0, 0, 0, 0, 0, 0, 255, 0, 0, 255, 0, 0, 0}, 
  {0, 255, 0, 0, 0, 0, 255, 255, 0, 0, 0, 0, 255, 255, 0}, 
  {0, 255, 0, 0, 0, 255, 0, 0, 0, 0, 0, 0, 0, 0, 255}, 
  {0, 255, 0, 0, 0, 255, 255, 255, 255, 0, 0, 0, 0, 0, 255}, 
  {255, 255, 255, 0, 0, 0, 0, 0, 0, 0, 0, 255, 255, 255, 0}, 
  {0, 0, 0, 0, 0, 0, 0, 0, 0, 0, 0, 0, 0, 0, 0}, 
  {0, 0, 0, 0, 0, 0, 0, 0, 0, 0, 0, 0, 0, 0, 0}
}, 
  {  {0, 0, 0, 0, 0, 0, 0, 0, 0, 0, 0, 0, 0, 0, 0}, 
  {0, 0, 0, 0, 0, 0, 0, 0, 0, 0, 0, 0, 0, 0, 0}, 
  {0, 255, 0, 0, 255, 255, 255, 0, 0, 0, 0, 255, 255, 255, 255}, 
  {255, 255, 0, 0, 0, 0, 0, 255, 0, 0, 0, 255, 0, 0, 0}, 
  {0, 255, 0, 0, 0, 0, 0, 255, 0, 0, 0, 0, 255, 255, 0}, 
  {0, 255, 0, 0, 0, 255, 255, 0, 0, 0, 0, 0, 0, 0, 255}, 
  {0, 255, 0, 0, 255, 0, 0, 0, 0, 0, 0, 0, 0, 0, 255}, 
  {255, 255, 255, 0, 255, 255, 255, 255, 0, 0, 0, 255, 255, 255, 0}, 
  {0, 0, 0, 0, 0, 0, 0, 0, 0, 0, 0, 0, 0, 0, 0}, 
  {0, 0, 0, 0, 0, 0, 0, 0, 0, 0, 0, 0, 0, 0, 0}
}, 
  {  {0, 0, 0, 0, 0, 0, 0, 0, 0, 0, 0, 0, 0, 0, 0}, 
  {0, 0, 0, 0, 0, 0, 0, 0, 0, 0, 255, 255, 255, 255, 0}, 
  {0, 255, 0, 0, 255, 255, 255, 0, 0, 0, 255, 0, 0, 0, 0}, 
  {255, 255, 0, 0, 0, 0, 0, 255, 0, 0, 0, 255, 255, 0, 0}, 
  {0, 255, 0, 0, 0, 0, 0, 255, 0, 0, 0, 0, 0, 255, 0}, 
  {0, 255, 0, 0, 0, 255, 255, 0, 0, 0, 0, 0, 0, 255, 0}, 
  {0, 255, 0, 0, 255, 0, 0, 0, 0, 0, 255, 255, 255, 0, 0}, 
  {255, 255, 255, 0, 255, 255, 255, 255, 0, 0, 0, 0, 0, 0, 0}, 
  {0, 0, 0, 0, 0, 0, 0, 0, 0, 0, 0, 0, 0, 0, 0}, 
  {0, 0, 0, 0, 0, 0, 0, 0, 0, 0, 0, 0, 0, 0, 0}
}, 
  {  {0, 0, 0, 0, 0, 0, 0, 0, 0, 0, 0, 0, 0, 0, 0}, 
  {0, 0, 0, 0, 0, 0, 0, 0, 0, 0, 0, 0, 0, 0, 0}, 
  {0, 255, 0, 0, 255, 255, 255, 0, 0, 255, 255, 255, 255, 0, 0}, 
  {255, 255, 0, 0, 0, 0, 0, 255, 0, 255, 0, 0, 0, 0, 0}, 
  {0, 255, 0, 0, 0, 0, 0, 255, 0, 0, 255, 255, 0, 0, 0}, 
  {0, 255, 0, 0, 0, 255, 255, 0, 0, 0, 0, 0, 255, 0, 0}, 
  {0, 255, 0, 0, 255, 0, 0, 0, 0, 0, 0, 0, 255, 0, 0}, 
  {255, 255, 255, 0, 255, 255, 255, 255, 0, 255, 255, 255, 0, 0, 0}, 
  {0, 0, 0, 0, 0, 0, 0, 0, 0, 0, 0, 0, 0, 0, 0}, 
  {0, 0, 0, 0, 0, 0, 0, 0, 0, 0, 0, 0, 0, 0, 0}
}, 
  {  {0, 0, 0, 0, 0, 0, 0, 0, 0, 0, 0, 0, 0, 0, 0}, 
  {0, 0, 0, 0, 0, 0, 0, 0, 0, 0, 0, 0, 0, 0, 0}, 
  {0, 255, 0, 0, 255, 255, 255, 0, 0, 255, 255, 255, 255, 0, 0}, 
  {255, 255, 0, 0, 0, 0, 0, 255, 0, 255, 0, 0, 0, 0, 0}, 
  {0, 255, 0, 0, 0, 0, 0, 255, 0, 0, 255, 255, 0, 0, 0}, 
  {0, 255, 0, 0, 0, 255, 255, 0, 0, 0, 0, 0, 255, 0, 0}, 
  {0, 255, 0, 0, 255, 0, 0, 0, 0, 0, 0, 0, 255, 0, 0}, 
  {255, 255, 255, 0, 255, 255, 255, 255, 0, 255, 255, 255, 0, 0, 0}, 
  {0, 0, 0, 0, 0, 0, 0, 0, 0, 0, 0, 0, 0, 0, 0}, 
  {0, 0, 0, 0, 0, 0, 0, 0, 0, 0, 0, 0, 0, 0, 0}
}, 
  {  {0, 0, 0, 0, 0, 0, 0, 0, 0, 0, 0, 0, 0, 0, 0}, 
  {0, 0, 0, 0, 0, 0, 0, 0, 0, 0, 0, 0, 0, 0, 0}, 
  {0, 255, 0, 0, 255, 255, 255, 0, 0, 255, 255, 255, 255, 0, 0}, 
  {255, 255, 0, 0, 0, 0, 0, 255, 0, 255, 0, 0, 0, 0, 255}, 
  {0, 255, 0, 0, 0, 0, 0, 255, 0, 0, 255, 255, 0, 0, 255}, 
  {0, 255, 0, 0, 0, 255, 255, 0, 0, 0, 0, 0, 255, 0, 255}, 
  {0, 255, 0, 0, 255, 0, 0, 0, 0, 0, 0, 0, 255, 0, 255}, 
  {255, 255, 255, 0, 255, 255, 255, 255, 0, 255, 255, 255, 0, 0, 0}, 
  {0, 0, 0, 0, 0, 0, 0, 0, 0, 0, 0, 0, 0, 0, 0}, 
  {0, 0, 0, 0, 0, 0, 0, 0, 0, 0, 0, 0, 0, 0, 0}
}, 
  {  {0, 0, 0, 0, 0, 0, 0, 0, 0, 0, 0, 0, 0, 0, 0}, 
  {0, 0, 0, 0, 0, 0, 0, 0, 0, 0, 0, 0, 0, 0, 0}, 
  {0, 255, 0, 0, 255, 255, 255, 0, 0, 255, 255, 255, 255, 0, 0}, 
  {255, 255, 0, 0, 0, 0, 0, 255, 0, 255, 0, 0, 0, 0, 255}, 
  {0, 255, 0, 0, 0, 0, 0, 255, 0, 0, 255, 255, 0, 0, 255}, 
  {0, 255, 0, 0, 0, 255, 255, 0, 0, 0, 0, 0, 255, 0, 255}, 
  {0, 255, 0, 0, 255, 0, 0, 0, 0, 0, 0, 0, 255, 0, 255}, 
  {255, 255, 255, 0, 255, 255, 255, 255, 0, 255, 255, 255, 0, 0, 0}, 
  {0, 0, 0, 0, 0, 0, 0, 0, 0, 0, 0, 0, 0, 0, 0}, 
  {0, 0, 0, 0, 0, 0, 0, 0, 0, 0, 0, 0, 0, 0, 0}
}, 
  {  {0, 0, 0, 0, 0, 0, 0, 0, 0, 0, 0, 0, 0, 0, 0}, 
  {0, 0, 0, 0, 0, 0, 0, 0, 0, 0, 0, 0, 0, 0, 0}, 
  {0, 255, 0, 0, 255, 255, 255, 0, 0, 255, 255, 255, 255, 0, 0}, 
  {255, 255, 0, 0, 0, 0, 0, 255, 0, 255, 0, 0, 0, 0, 255}, 
  {0, 255, 0, 0, 0, 0, 0, 255, 0, 0, 255, 255, 0, 0, 255}, 
  {0, 255, 0, 0, 0, 255, 255, 0, 0, 0, 0, 0, 255, 0, 255}, 
  {0, 255, 0, 0, 255, 0, 0, 0, 0, 0, 0, 0, 255, 0, 255}, 
  {255, 255, 255, 0, 255, 255, 255, 255, 0, 255, 255, 255, 0, 0, 0}, 
  {0, 0, 0, 0, 0, 0, 0, 0, 0, 0, 0, 0, 0, 0, 0}, 
  {0, 0, 0, 0, 0, 0, 0, 0, 0, 0, 0, 0, 0, 0, 0}
}, 
  {  {0, 0, 0, 0, 0, 0, 0, 0, 0, 0, 0, 0, 0, 0, 0}, 
  {0, 0, 0, 0, 0, 0, 0, 0, 0, 0, 0, 0, 0, 0, 0}, 
  {0, 255, 0, 0, 255, 255, 255, 0, 0, 255, 255, 255, 255, 0, 0}, 
  {255, 255, 0, 0, 0, 0, 0, 255, 0, 255, 0, 0, 0, 0, 255}, 
  {0, 255, 0, 0, 0, 0, 0, 255, 0, 0, 255, 255, 0, 0, 255}, 
  {0, 255, 0, 0, 0, 255, 255, 0, 0, 0, 0, 0, 255, 0, 255}, 
  {0, 255, 0, 0, 255, 0, 0, 0, 0, 0, 0, 0, 255, 0, 255}, 
  {255, 255, 255, 0, 255, 255, 255, 255, 0, 255, 255, 255, 0, 0, 0}, 
  {0, 0, 0, 0, 0, 0, 0, 0, 0, 0, 0, 0, 0, 0, 0}, 
  {0, 0, 0, 0, 0, 0, 0, 0, 0, 0, 0, 0, 0, 0, 0}
}, 
  {  {0, 0, 0, 0, 0, 0, 0, 0, 0, 0, 0, 0, 0, 0, 0}, 
  {255, 0, 0, 0, 0, 0, 0, 0, 0, 0, 0, 0, 0, 0, 0}, 
  {255, 0, 0, 0, 255, 255, 255, 0, 0, 255, 255, 255, 255, 0, 0}, 
  {255, 0, 0, 0, 0, 0, 0, 255, 0, 255, 0, 0, 0, 0, 255}, 
  {255, 0, 0, 0, 0, 0, 0, 255, 0, 0, 255, 255, 0, 0, 255}, 
  {255, 0, 0, 0, 0, 255, 255, 0, 0, 0, 0, 0, 255, 0, 255}, 
  {255, 255, 0, 0, 255, 0, 0, 0, 0, 0, 0, 0, 255, 0, 255}, 
  {0, 0, 0, 0, 255, 255, 255, 255, 0, 255, 255, 255, 0, 0, 0}, 
  {0, 0, 0, 0, 0, 0, 0, 0, 0, 0, 0, 0, 0, 0, 0}, 
  {0, 0, 0, 0, 0, 0, 0, 0, 0, 0, 0, 0, 0, 0, 0}
}, 
  {  {0, 0, 0, 0, 0, 0, 0, 0, 0, 0, 0, 0, 0, 0, 0}, 
  {0, 0, 0, 0, 0, 0, 0, 0, 0, 0, 0, 0, 0, 0, 0}, 
  {0, 0, 0, 0, 255, 255, 255, 0, 0, 255, 255, 255, 255, 0, 0}, 
  {0, 0, 0, 0, 0, 0, 0, 255, 0, 255, 0, 0, 0, 0, 255}, 
  {0, 0, 0, 0, 0, 0, 0, 255, 0, 0, 255, 255, 0, 0, 255}, 
  {0, 0, 0, 0, 0, 255, 255, 0, 0, 0, 0, 0, 255, 0, 255}, 
  {0, 0, 0, 0, 255, 0, 0, 0, 0, 0, 0, 0, 255, 0, 255}, 
  {255, 0, 0, 0, 255, 255, 255, 255, 0, 255, 255, 255, 0, 0, 0}, 
  {0, 0, 0, 0, 0, 0, 0, 0, 0, 0, 0, 0, 0, 0, 0}, 
  {0, 0, 0, 0, 0, 0, 0, 0, 0, 0, 0, 0, 0, 0, 0}
}, 
  {  {0, 0, 0, 0, 0, 0, 0, 0, 0, 0, 0, 0, 0, 0, 0}, 
  {0, 0, 0, 255, 255, 255, 0, 0, 0, 0, 0, 0, 0, 0, 0}, 
  {0, 0, 0, 0, 0, 0, 255, 0, 0, 255, 255, 255, 255, 0, 0}, 
  {0, 0, 0, 0, 0, 0, 255, 0, 0, 255, 0, 0, 0, 0, 255}, 
  {0, 0, 0, 0, 255, 255, 0, 0, 0, 0, 255, 255, 0, 0, 255}, 
  {0, 0, 0, 255, 0, 0, 0, 0, 0, 0, 0, 0, 255, 0, 255}, 
  {0, 0, 0, 255, 255, 255, 255, 0, 0, 0, 0, 0, 255, 0, 255}, 
  {255, 0, 0, 0, 0, 0, 0, 0, 0, 255, 255, 255, 0, 0, 0}, 
  {0, 0, 0, 0, 0, 0, 0, 0, 0, 0, 0, 0, 0, 0, 0}, 
  {0, 0, 0, 0, 0, 0, 0, 0, 0, 0, 0, 0, 0, 0, 0}
}, 
  {  {0, 0, 0, 0, 0, 0, 0, 0, 0, 0, 0, 0, 0, 0, 0}, 
  {0, 0, 0, 0, 0, 0, 0, 0, 0, 0, 0, 0, 0, 0, 0}, 
  {0, 0, 255, 255, 255, 0, 0, 0, 0, 255, 255, 255, 255, 0, 0}, 
  {0, 0, 0, 0, 0, 255, 0, 0, 0, 255, 0, 0, 0, 0, 255}, 
  {0, 0, 0, 0, 0, 255, 0, 0, 0, 0, 255, 255, 0, 0, 255}, 
  {0, 0, 0, 255, 255, 0, 0, 0, 0, 0, 0, 0, 255, 0, 255}, 
  {0, 0, 255, 0, 0, 0, 0, 0, 0, 0, 0, 0, 255, 0, 255}, 
  {255, 0, 255, 255, 255, 255, 0, 0, 0, 255, 255, 255, 0, 0, 0}, 
  {0, 0, 0, 0, 0, 0, 0, 0, 0, 0, 0, 0, 0, 0, 0}, 
  {0, 0, 0, 0, 0, 0, 0, 0, 0, 0, 0, 0, 0, 0, 0}
}, 
  {  {0, 0, 0, 0, 0, 0, 0, 0, 0, 0, 0, 0, 0, 0, 0}, 
  {0, 0, 0, 0, 0, 0, 0, 0, 255, 255, 255, 255, 0, 0, 0}, 
  {0, 0, 255, 255, 255, 0, 0, 0, 255, 0, 0, 0, 0, 0, 0}, 
  {0, 0, 0, 0, 0, 255, 0, 0, 0, 255, 255, 0, 0, 0, 255}, 
  {0, 0, 0, 0, 0, 255, 0, 0, 0, 0, 0, 255, 0, 0, 255}, 
  {0, 0, 0, 255, 255, 0, 0, 0, 0, 0, 0, 255, 0, 0, 255}, 
  {0, 0, 255, 0, 0, 0, 0, 0, 255, 255, 255, 0, 0, 0, 255}, 
  {255, 0, 255, 255, 255, 255, 0, 0, 0, 0, 0, 0, 0, 0, 0}, 
  {0, 0, 0, 0, 0, 0, 0, 0, 0, 0, 0, 0, 0, 0, 0}, 
  {0, 0, 0, 0, 0, 0, 0, 0, 0, 0, 0, 0, 0, 0, 0}
}, 
  {  {0, 0, 0, 0, 0, 0, 0, 0, 0, 0, 0, 0, 0, 0, 0}, 
  {0, 0, 0, 0, 0, 0, 0, 0, 0, 0, 0, 0, 0, 0, 0}, 
  {0, 0, 255, 255, 255, 0, 0, 255, 255, 255, 255, 0, 0, 0, 0}, 
  {0, 0, 0, 0, 0, 255, 0, 255, 0, 0, 0, 0, 0, 0, 255}, 
  {0, 0, 0, 0, 0, 255, 0, 0, 255, 255, 0, 0, 0, 0, 255}, 
  {0, 0, 0, 255, 255, 0, 0, 0, 0, 0, 255, 0, 0, 0, 255}, 
  {0, 0, 255, 0, 0, 0, 0, 0, 0, 0, 255, 0, 0, 0, 255}, 
  {255, 0, 255, 255, 255, 255, 0, 255, 255, 255, 0, 0, 0, 0, 0}, 
  {0, 0, 0, 0, 0, 0, 0, 0, 0, 0, 0, 0, 0, 0, 0}, 
  {0, 0, 0, 0, 0, 0, 0, 0, 0, 0, 0, 0, 0, 0, 0}
}, 
  {  {0, 0, 0, 0, 0, 0, 0, 0, 0, 0, 0, 0, 0, 0, 0}, 
  {0, 0, 0, 0, 0, 0, 0, 0, 0, 0, 0, 0, 0, 0, 0}, 
  {0, 0, 255, 255, 255, 0, 0, 255, 255, 255, 255, 0, 0, 255, 255}, 
  {0, 0, 0, 0, 0, 255, 0, 255, 0, 0, 0, 0, 0, 255, 255}, 
  {0, 0, 0, 0, 0, 255, 0, 0, 255, 255, 0, 0, 0, 255, 255}, 
  {0, 0, 0, 255, 255, 0, 0, 0, 0, 0, 255, 0, 0, 255, 255}, 
  {0, 0, 255, 0, 0, 0, 0, 0, 0, 0, 255, 0, 0, 0, 255}, 
  {255, 0, 255, 255, 255, 255, 0, 255, 255, 255, 0, 0, 0, 0, 255}, 
  {0, 0, 0, 0, 0, 0, 0, 0, 0, 0, 0, 0, 0, 0, 0}, 
  {0, 0, 0, 0, 0, 0, 0, 0, 0, 0, 0, 0, 0, 0, 0}
}, 
  {  {0, 0, 0, 0, 0, 0, 0, 0, 0, 0, 0, 0, 0, 0, 0}, 
  {0, 0, 0, 0, 0, 0, 0, 0, 0, 0, 0, 0, 0, 0, 255}, 
  {0, 0, 255, 255, 255, 0, 0, 255, 255, 255, 255, 0, 0, 0, 255}, 
  {0, 0, 0, 0, 0, 255, 0, 255, 0, 0, 0, 0, 255, 255, 255}, 
  {0, 0, 0, 0, 0, 255, 0, 0, 255, 255, 0, 0, 255, 255, 255}, 
  {0, 0, 0, 255, 255, 0, 0, 0, 0, 0, 255, 0, 255, 255, 255}, 
  {0, 0, 255, 0, 0, 0, 0, 0, 0, 0, 255, 0, 255, 255, 255}, 
  {255, 0, 255, 255, 255, 255, 0, 255, 255, 255, 0, 0, 0, 255, 255}, 
  {0, 0, 0, 0, 0, 0, 0, 0, 0, 0, 0, 0, 0, 255, 255}, 
  {0, 0, 0, 0, 0, 0, 0, 0, 0, 0, 0, 0, 0, 0, 0}
}, 
  {  {0, 0, 0, 0, 0, 0, 0, 0, 0, 0, 0, 0, 0, 0, 0}, 
  {0, 0, 0, 0, 0, 0, 0, 0, 0, 0, 0, 0, 0, 0, 255}, 
  {0, 0, 255, 255, 255, 0, 0, 255, 255, 255, 255, 0, 0, 0, 255}, 
  {0, 0, 0, 0, 0, 255, 0, 255, 0, 0, 0, 0, 255, 255, 255}, 
  {0, 0, 0, 0, 0, 255, 0, 0, 255, 255, 0, 0, 255, 255, 255}, 
  {0, 0, 0, 255, 255, 0, 0, 0, 0, 0, 255, 0, 255, 255, 255}, 
  {0, 0, 255, 0, 0, 0, 0, 0, 0, 0, 255, 0, 255, 255, 255}, 
  {0, 0, 255, 255, 255, 255, 0, 255, 255, 255, 0, 0, 0, 255, 255}, 
  {0, 0, 0, 0, 0, 0, 0, 0, 0, 0, 0, 0, 0, 255, 255}, 
  {0, 0, 0, 0, 0, 0, 0, 0, 0, 0, 0, 0, 0, 0, 0}
}, 
  {  {0, 0, 0, 0, 0, 0, 0, 0, 0, 0, 0, 0, 0, 0, 0}, 
  {0, 0, 0, 0, 0, 0, 0, 0, 0, 0, 0, 0, 0, 0, 255}, 
  {0, 0, 255, 255, 255, 0, 0, 255, 255, 255, 255, 0, 0, 0, 255}, 
  {0, 0, 0, 0, 0, 255, 0, 255, 0, 0, 0, 0, 255, 255, 255}, 
  {0, 0, 0, 0, 0, 255, 0, 0, 255, 255, 0, 0, 255, 255, 255}, 
  {0, 0, 0, 255, 255, 0, 0, 0, 0, 0, 255, 0, 255, 255, 255}, 
  {0, 0, 255, 0, 0, 0, 0, 0, 0, 0, 255, 0, 255, 255, 255}, 
  {0, 0, 255, 255, 255, 255, 0, 255, 255, 255, 0, 0, 0, 255, 255}, 
  {0, 0, 0, 0, 0, 0, 0, 0, 0, 0, 0, 0, 0, 255, 255}, 
  {0, 0, 0, 0, 0, 0, 0, 0, 0, 0, 0, 0, 0, 0, 0}
}, 
  {  {0, 0, 0, 0, 0, 0, 0, 0, 0, 0, 0, 0, 0, 0, 0}, 
  {0, 255, 255, 255, 0, 0, 0, 0, 0, 0, 0, 0, 0, 0, 255}, 
  {0, 0, 0, 0, 255, 0, 0, 255, 255, 255, 255, 0, 0, 0, 255}, 
  {0, 0, 0, 0, 255, 0, 0, 255, 0, 0, 0, 0, 255, 255, 255}, 
  {0, 0, 255, 255, 0, 0, 0, 0, 255, 255, 0, 0, 255, 255, 255}, 
  {0, 255, 0, 0, 0, 0, 0, 0, 0, 0, 255, 0, 255, 255, 255}, 
  {0, 255, 255, 255, 255, 0, 0, 0, 0, 0, 255, 0, 255, 255, 255}, 
  {0, 0, 0, 0, 0, 0, 0, 255, 255, 255, 0, 0, 0, 255, 255}, 
  {0, 0, 0, 0, 0, 0, 0, 0, 0, 0, 0, 0, 0, 255, 255}, 
  {0, 0, 0, 0, 0, 0, 0, 0, 0, 0, 0, 0, 0, 0, 0}
}, 
  {  {0, 0, 0, 0, 0, 0, 0, 0, 0, 0, 0, 0, 0, 0, 0}, 
  {0, 0, 0, 0, 0, 0, 0, 0, 0, 0, 0, 0, 0, 0, 255}, 
  {255, 255, 255, 0, 0, 0, 0, 255, 255, 255, 255, 0, 0, 0, 255}, 
  {0, 0, 0, 255, 0, 0, 0, 255, 0, 0, 0, 0, 255, 255, 255}, 
  {0, 0, 0, 255, 0, 0, 0, 0, 255, 255, 0, 0, 255, 255, 255}, 
  {0, 255, 255, 0, 0, 0, 0, 0, 0, 0, 255, 0, 255, 255, 255}, 
  {255, 0, 0, 0, 0, 0, 0, 0, 0, 0, 255, 0, 255, 255, 255}, 
  {255, 255, 255, 255, 0, 0, 0, 255, 255, 255, 0, 0, 0, 255, 255}, 
  {0, 0, 0, 0, 0, 0, 0, 0, 0, 0, 0, 0, 0, 255, 255}, 
  {0, 0, 0, 0, 0, 0, 0, 0, 0, 0, 0, 0, 0, 0, 0}
}, 
  {  {0, 0, 0, 0, 0, 0, 0, 0, 0, 0, 0, 0, 0, 0, 0}, 
  {0, 0, 0, 0, 0, 0, 255, 255, 255, 255, 0, 0, 0, 0, 255}, 
  {255, 255, 255, 0, 0, 0, 255, 0, 0, 0, 0, 0, 0, 0, 255}, 
  {0, 0, 0, 255, 0, 0, 0, 255, 255, 0, 0, 0, 255, 255, 255}, 
  {0, 0, 0, 255, 0, 0, 0, 0, 0, 255, 0, 0, 255, 255, 255}, 
  {0, 255, 255, 0, 0, 0, 0, 0, 0, 255, 0, 0, 255, 255, 255}, 
  {255, 0, 0, 0, 0, 0, 255, 255, 255, 0, 0, 0, 255, 255, 255}, 
  {255, 255, 255, 255, 0, 0, 0, 0, 0, 0, 0, 0, 0, 255, 255}, 
  {0, 0, 0, 0, 0, 0, 0, 0, 0, 0, 0, 0, 0, 255, 255}, 
  {0, 0, 0, 0, 0, 0, 0, 0, 0, 0, 0, 0, 0, 0, 0}
}, 
  {  {0, 0, 0, 0, 0, 0, 0, 0, 0, 0, 0, 0, 0, 0, 0}, 
  {0, 0, 0, 0, 0, 0, 0, 0, 0, 0, 0, 0, 0, 0, 255}, 
  {255, 255, 255, 0, 0, 255, 255, 255, 255, 0, 0, 0, 0, 0, 255}, 
  {0, 0, 0, 255, 0, 255, 0, 0, 0, 0, 0, 0, 255, 255, 255}, 
  {0, 0, 0, 255, 0, 0, 255, 255, 0, 0, 0, 0, 255, 255, 255}, 
  {0, 255, 255, 0, 0, 0, 0, 0, 255, 0, 0, 0, 255, 255, 255}, 
  {255, 0, 0, 0, 0, 0, 0, 0, 255, 0, 0, 0, 255, 255, 255}, 
  {255, 255, 255, 255, 0, 255, 255, 255, 0, 0, 0, 0, 0, 255, 255}, 
  {0, 0, 0, 0, 0, 0, 0, 0, 0, 0, 0, 0, 0, 255, 255}, 
  {0, 0, 0, 0, 0, 0, 0, 0, 0, 0, 0, 0, 0, 0, 0}
}, 
  {  {0, 0, 0, 0, 0, 0, 0, 0, 0, 0, 0, 0, 0, 255, 255}, 
  {0, 0, 0, 0, 0, 0, 0, 0, 0, 0, 0, 0, 0, 255, 255}, 
  {255, 255, 255, 0, 0, 255, 255, 255, 255, 0, 0, 255, 255, 255, 255}, 
  {0, 0, 0, 255, 0, 255, 0, 0, 0, 0, 0, 255, 255, 255, 255}, 
  {0, 0, 0, 255, 0, 0, 255, 255, 0, 0, 0, 255, 255, 255, 255}, 
  {0, 255, 255, 0, 0, 0, 0, 0, 255, 0, 0, 255, 255, 255, 255}, 
  {255, 0, 0, 0, 0, 0, 0, 0, 255, 0, 0, 0, 255, 255, 255}, 
  {255, 255, 255, 255, 0, 255, 255, 255, 0, 0, 0, 0, 255, 255, 255}, 
  {0, 0, 0, 0, 0, 0, 0, 0, 0, 0, 0, 0, 0, 0, 0}, 
  {0, 0, 0, 0, 0, 0, 0, 0, 0, 0, 0, 0, 0, 0, 0}
}, 
  {  {0, 0, 0, 0, 0, 0, 0, 0, 0, 0, 0, 0, 0, 0, 0}, 
  {0, 0, 0, 0, 0, 0, 0, 0, 0, 0, 0, 0, 255, 255, 255}, 
  {255, 255, 255, 0, 0, 255, 255, 255, 255, 0, 0, 0, 255, 255, 255}, 
  {0, 0, 0, 255, 0, 255, 0, 0, 0, 0, 255, 255, 255, 255, 255}, 
  {0, 0, 0, 255, 0, 0, 255, 255, 0, 0, 255, 255, 255, 255, 255}, 
  {0, 255, 255, 0, 0, 0, 0, 0, 255, 0, 255, 255, 255, 255, 255}, 
  {255, 0, 0, 0, 0, 0, 0, 0, 255, 0, 255, 255, 255, 255, 255}, 
  {255, 255, 255, 255, 0, 255, 255, 255, 0, 0, 0, 255, 255, 255, 255}, 
  {0, 0, 0, 0, 0, 0, 0, 0, 0, 0, 0, 255, 255, 255, 255}, 
  {0, 0, 0, 0, 0, 0, 0, 0, 0, 0, 0, 0, 0, 0, 0}
}, 
  {  {0, 0, 0, 0, 0, 0, 0, 0, 0, 0, 0, 0, 0, 0, 0}, 
  {255, 255, 0, 0, 0, 0, 0, 0, 0, 0, 0, 0, 255, 255, 255}, 
  {0, 0, 255, 0, 0, 255, 255, 255, 255, 0, 0, 0, 255, 255, 255}, 
  {0, 0, 255, 0, 0, 255, 0, 0, 0, 0, 255, 255, 255, 255, 255}, 
  {255, 255, 0, 0, 0, 0, 255, 255, 0, 0, 255, 255, 255, 255, 255}, 
  {0, 0, 0, 0, 0, 0, 0, 0, 255, 0, 255, 255, 255, 255, 255}, 
  {255, 255, 255, 0, 0, 0, 0, 0, 255, 0, 255, 255, 255, 255, 255}, 
  {0, 0, 0, 0, 0, 255, 255, 255, 0, 0, 0, 255, 255, 255, 255}, 
  {0, 0, 0, 0, 0, 0, 0, 0, 0, 0, 0, 255, 255, 255, 255}, 
  {0, 0, 0, 0, 0, 0, 0, 0, 0, 0, 0, 0, 0, 0, 0}
}, 
  {  {0, 0, 0, 0, 0, 0, 0, 0, 0, 0, 0, 0, 0, 0, 0}, 
  {0, 0, 0, 0, 0, 0, 0, 0, 0, 0, 0, 0, 255, 255, 255}, 
  {255, 0, 0, 0, 0, 255, 255, 255, 255, 0, 0, 0, 255, 255, 255}, 
  {0, 255, 0, 0, 0, 255, 0, 0, 0, 0, 255, 255, 255, 255, 255}, 
  {0, 255, 0, 0, 0, 0, 255, 255, 0, 0, 255, 255, 255, 255, 255}, 
  {255, 0, 0, 0, 0, 0, 0, 0, 255, 0, 255, 255, 255, 255, 255}, 
  {0, 0, 0, 0, 0, 0, 0, 0, 255, 0, 255, 255, 255, 255, 255}, 
  {255, 255, 0, 0, 0, 255, 255, 255, 0, 0, 0, 255, 255, 255, 255}, 
  {0, 0, 0, 0, 0, 0, 0, 0, 0, 0, 0, 255, 255, 255, 255}, 
  {0, 0, 0, 0, 0, 0, 0, 0, 0, 0, 0, 0, 0, 0, 0}
}, 
  {  {0, 0, 0, 0, 0, 0, 0, 0, 0, 0, 0, 0, 0, 0, 0}, 
  {0, 0, 0, 0, 255, 255, 255, 255, 0, 0, 0, 0, 255, 255, 255}, 
  {255, 0, 0, 0, 255, 0, 0, 0, 0, 0, 0, 0, 255, 255, 255}, 
  {0, 255, 0, 0, 0, 255, 255, 0, 0, 0, 255, 255, 255, 255, 255}, 
  {0, 255, 0, 0, 0, 0, 0, 255, 0, 0, 255, 255, 255, 255, 255}, 
  {255, 0, 0, 0, 0, 0, 0, 255, 0, 0, 255, 255, 255, 255, 255}, 
  {0, 0, 0, 0, 255, 255, 255, 0, 0, 0, 255, 255, 255, 255, 255}, 
  {255, 255, 0, 0, 0, 0, 0, 0, 0, 0, 0, 255, 255, 255, 255}, 
  {0, 0, 0, 0, 0, 0, 0, 0, 0, 0, 0, 255, 255, 255, 255}, 
  {0, 0, 0, 0, 0, 0, 0, 0, 0, 0, 0, 0, 0, 0, 0}
}, 
  {  {0, 0, 0, 0, 0, 0, 0, 0, 0, 0, 0, 0, 0, 0, 0}, 
  {0, 0, 0, 0, 0, 0, 0, 0, 0, 0, 0, 0, 255, 255, 255}, 
  {255, 0, 0, 255, 255, 255, 255, 0, 0, 0, 0, 0, 255, 255, 255}, 
  {0, 255, 0, 255, 0, 0, 0, 0, 0, 0, 255, 255, 255, 255, 255}, 
  {0, 255, 0, 0, 255, 255, 0, 0, 0, 0, 255, 255, 255, 255, 255}, 
  {255, 0, 0, 0, 0, 0, 255, 0, 0, 0, 255, 255, 255, 255, 255}, 
  {0, 0, 0, 0, 0, 0, 255, 0, 0, 0, 255, 255, 255, 255, 255}, 
  {255, 255, 0, 255, 255, 255, 0, 0, 0, 0, 0, 255, 255, 255, 255}, 
  {0, 0, 0, 0, 0, 0, 0, 0, 0, 0, 0, 255, 255, 255, 255}, 
  {0, 0, 0, 0, 0, 0, 0, 0, 0, 0, 0, 0, 0, 0, 0}
}, 
  {  {0, 0, 0, 0, 0, 0, 0, 0, 0, 0, 0, 255, 255, 255, 255}, 
  {0, 0, 0, 0, 0, 0, 0, 0, 0, 0, 0, 255, 255, 255, 255}, 
  {255, 0, 0, 255, 255, 255, 255, 0, 0, 255, 255, 255, 255, 255, 255}, 
  {0, 255, 0, 255, 0, 0, 0, 0, 0, 255, 255, 255, 255, 255, 255}, 
  {0, 255, 0, 0, 255, 255, 0, 0, 0, 255, 255, 255, 255, 255, 255}, 
  {255, 0, 0, 0, 0, 0, 255, 0, 0, 255, 255, 255, 255, 255, 255}, 
  {0, 0, 0, 0, 0, 0, 255, 0, 0, 0, 255, 255, 255, 255, 255}, 
  {255, 255, 0, 255, 255, 255, 0, 0, 0, 0, 255, 255, 255, 255, 255}, 
  {0, 0, 0, 0, 0, 0, 0, 0, 0, 0, 0, 0, 0, 0, 0}, 
  {0, 0, 0, 0, 0, 0, 0, 0, 0, 0, 0, 0, 0, 0, 0}
}, 
  {  {0, 0, 0, 0, 0, 0, 0, 0, 0, 0, 0, 0, 0, 0, 0}, 
  {0, 0, 0, 0, 0, 0, 0, 0, 0, 0, 255, 255, 255, 255, 255}, 
  {255, 0, 0, 255, 255, 255, 255, 0, 0, 0, 255, 255, 255, 255, 255}, 
  {0, 255, 0, 255, 0, 0, 0, 0, 255, 255, 255, 255, 255, 255, 255}, 
  {0, 255, 0, 0, 255, 255, 0, 0, 255, 255, 255, 255, 255, 255, 255}, 
  {255, 0, 0, 0, 0, 0, 255, 0, 255, 255, 255, 255, 255, 255, 255}, 
  {0, 0, 0, 0, 0, 0, 255, 0, 255, 255, 255, 255, 255, 255, 255}, 
  {255, 255, 0, 255, 255, 255, 0, 0, 0, 255, 255, 255, 255, 255, 255}, 
  {0, 0, 0, 0, 0, 0, 0, 0, 0, 255, 255, 255, 255, 255, 255}, 
  {0, 0, 0, 0, 0, 0, 0, 0, 0, 0, 0, 0, 0, 0, 0}
}, 
  {  {0, 0, 0, 0, 0, 0, 0, 0, 0, 0, 0, 0, 0, 0, 0}, 
  {0, 0, 0, 0, 0, 0, 0, 0, 0, 0, 255, 255, 255, 255, 255}, 
  {255, 0, 0, 255, 255, 255, 255, 0, 0, 0, 255, 255, 255, 255, 255}, 
  {255, 0, 0, 255, 0, 0, 0, 0, 255, 255, 255, 255, 255, 255, 255}, 
  {0, 0, 0, 0, 255, 255, 0, 0, 255, 255, 255, 255, 255, 255, 255}, 
  {0, 0, 0, 0, 0, 0, 255, 0, 255, 255, 255, 255, 255, 255, 255}, 
  {255, 0, 0, 0, 0, 0, 255, 0, 255, 255, 255, 255, 255, 255, 255}, 
  {0, 0, 0, 255, 255, 255, 0, 0, 0, 255, 255, 255, 255, 255, 255}, 
  {0, 0, 0, 0, 0, 0, 0, 0, 0, 255, 255, 255, 255, 255, 255}, 
  {0, 0, 0, 0, 0, 0, 0, 0, 0, 0, 0, 0, 0, 0, 0}
}, 
  {  {0, 0, 0, 0, 0, 0, 0, 0, 0, 0, 0, 0, 0, 0, 0}, 
  {0, 0, 0, 0, 0, 0, 0, 0, 0, 0, 255, 255, 255, 255, 255}, 
  {0, 0, 0, 255, 255, 255, 255, 0, 0, 0, 255, 255, 255, 255, 255}, 
  {0, 0, 0, 255, 0, 0, 0, 0, 255, 255, 255, 255, 255, 255, 255}, 
  {0, 0, 0, 0, 255, 255, 0, 0, 255, 255, 255, 255, 255, 255, 255}, 
  {0, 0, 0, 0, 0, 0, 255, 0, 255, 255, 255, 255, 255, 255, 255}, 
  {0, 0, 0, 0, 0, 0, 255, 0, 255, 255, 255, 255, 255, 255, 255}, 
  {0, 0, 0, 255, 255, 255, 0, 0, 0, 255, 255, 255, 255, 255, 255}, 
  {0, 0, 0, 0, 0, 0, 0, 0, 0, 255, 255, 255, 255, 255, 255}, 
  {0, 0, 0, 0, 0, 0, 0, 0, 0, 0, 0, 0, 0, 0, 0}
}, 
  {  {0, 0, 0, 0, 0, 0, 0, 0, 0, 0, 0, 0, 0, 0, 0}, 
  {0, 0, 255, 255, 255, 255, 0, 0, 0, 0, 255, 255, 255, 255, 255}, 
  {0, 0, 255, 0, 0, 0, 0, 0, 0, 0, 255, 255, 255, 255, 255}, 
  {0, 0, 0, 255, 255, 0, 0, 0, 255, 255, 255, 255, 255, 255, 255}, 
  {0, 0, 0, 0, 0, 255, 0, 0, 255, 255, 255, 255, 255, 255, 255}, 
  {0, 0, 0, 0, 0, 255, 0, 0, 255, 255, 255, 255, 255, 255, 255}, 
  {0, 0, 255, 255, 255, 0, 0, 0, 255, 255, 255, 255, 255, 255, 255}, 
  {0, 0, 0, 0, 0, 0, 0, 0, 0, 255, 255, 255, 255, 255, 255}, 
  {0, 0, 0, 0, 0, 0, 0, 0, 0, 255, 255, 255, 255, 255, 255}, 
  {0, 0, 0, 0, 0, 0, 0, 0, 0, 0, 0, 0, 0, 0, 0}
}, 
  {  {0, 0, 0, 0, 0, 0, 0, 0, 0, 0, 0, 0, 0, 0, 0}, 
  {0, 0, 0, 0, 0, 0, 0, 0, 0, 0, 255, 255, 255, 255, 255}, 
  {0, 255, 255, 255, 255, 0, 0, 0, 0, 0, 255, 255, 255, 255, 255}, 
  {0, 255, 0, 0, 0, 0, 0, 0, 255, 255, 255, 255, 255, 255, 255}, 
  {0, 0, 255, 255, 0, 0, 0, 0, 255, 255, 255, 255, 255, 255, 255}, 
  {0, 0, 0, 0, 255, 0, 0, 0, 255, 255, 255, 255, 255, 255, 255}, 
  {0, 0, 0, 0, 255, 0, 0, 0, 255, 255, 255, 255, 255, 255, 255}, 
  {0, 255, 255, 255, 0, 0, 0, 0, 0, 255, 255, 255, 255, 255, 255}, 
  {0, 0, 0, 0, 0, 0, 0, 0, 0, 255, 255, 255, 255, 255, 255}, 
  {0, 0, 0, 0, 0, 0, 0, 0, 0, 0, 0, 0, 0, 0, 0}
}, 
  {  {0, 0, 0, 0, 0, 0, 0, 0, 0, 255, 255, 255, 255, 255, 0}, 
  {0, 0, 0, 0, 0, 0, 0, 0, 0, 255, 255, 255, 255, 255, 0}, 
  {0, 255, 255, 255, 255, 0, 0, 255, 255, 255, 255, 255, 255, 255, 255}, 
  {0, 255, 0, 0, 0, 0, 0, 255, 255, 255, 255, 255, 255, 255, 255}, 
  {0, 0, 255, 255, 0, 0, 0, 255, 255, 255, 255, 255, 255, 255, 255}, 
  {0, 0, 0, 0, 255, 0, 0, 255, 255, 255, 255, 255, 255, 255, 255}, 
  {0, 0, 0, 0, 255, 0, 0, 0, 255, 255, 255, 255, 255, 255, 255}, 
  {0, 255, 255, 255, 0, 0, 0, 0, 255, 255, 255, 255, 255, 255, 255}, 
  {0, 0, 0, 0, 0, 0, 0, 0, 0, 0, 0, 0, 0, 0, 0}, 
  {0, 0, 0, 0, 0, 0, 0, 0, 0, 0, 0, 0, 0, 0, 0}
}, 
  {  {0, 0, 0, 0, 0, 0, 0, 0, 0, 0, 0, 0, 0, 0, 0}, 
  {0, 0, 0, 0, 0, 0, 0, 0, 255, 255, 255, 255, 255, 0, 0}, 
  {0, 255, 255, 255, 255, 0, 0, 0, 255, 255, 255, 255, 255, 0, 0}, 
  {0, 255, 0, 0, 0, 0, 255, 255, 255, 255, 255, 255, 255, 255, 255}, 
  {0, 0, 255, 255, 0, 0, 255, 255, 255, 255, 255, 255, 255, 255, 255}, 
  {0, 0, 0, 0, 255, 0, 255, 255, 255, 255, 255, 255, 255, 255, 255}, 
  {0, 0, 0, 0, 255, 0, 255, 255, 255, 255, 255, 255, 255, 255, 255}, 
  {0, 255, 255, 255, 0, 0, 0, 255, 255, 255, 255, 255, 255, 255, 0}, 
  {0, 0, 0, 0, 0, 0, 0, 255, 255, 255, 255, 255, 255, 255, 0}, 
  {0, 0, 0, 0, 0, 0, 0, 0, 0, 0, 0, 0, 0, 0, 0}
}, 
  {  {0, 0, 0, 0, 0, 0, 0, 0, 0, 0, 0, 0, 0, 0, 0}, 
  {255, 255, 255, 255, 0, 0, 0, 0, 255, 255, 255, 255, 255, 0, 0}, 
  {255, 0, 0, 0, 0, 0, 0, 0, 255, 255, 255, 255, 255, 0, 0}, 
  {0, 255, 255, 0, 0, 0, 255, 255, 255, 255, 255, 255, 255, 255, 255}, 
  {0, 0, 0, 255, 0, 0, 255, 255, 255, 255, 255, 255, 255, 255, 255}, 
  {0, 0, 0, 255, 0, 0, 255, 255, 255, 255, 255, 255, 255, 255, 255}, 
  {255, 255, 255, 0, 0, 0, 255, 255, 255, 255, 255, 255, 255, 255, 255}, 
  {0, 0, 0, 0, 0, 0, 0, 255, 255, 255, 255, 255, 255, 255, 0}, 
  {0, 0, 0, 0, 0, 0, 0, 255, 255, 255, 255, 255, 255, 255, 0}, 
  {0, 0, 0, 0, 0, 0, 0, 0, 0, 0, 0, 0, 0, 0, 0}
}, 
  {  {0, 0, 0, 0, 0, 0, 0, 0, 0, 0, 0, 0, 0, 0, 0}, 
  {0, 0, 0, 0, 0, 0, 0, 0, 255, 255, 255, 255, 255, 0, 0}, 
  {255, 255, 255, 0, 0, 0, 0, 0, 255, 255, 255, 255, 255, 0, 0}, 
  {0, 0, 0, 0, 0, 0, 255, 255, 255, 255, 255, 255, 255, 255, 255}, 
  {255, 255, 0, 0, 0, 0, 255, 255, 255, 255, 255, 255, 255, 255, 255}, 
  {0, 0, 255, 0, 0, 0, 255, 255, 255, 255, 255, 255, 255, 255, 255}, 
  {0, 0, 255, 0, 0, 0, 255, 255, 255, 255, 255, 255, 255, 255, 255}, 
  {255, 255, 0, 0, 0, 0, 0, 255, 255, 255, 255, 255, 255, 255, 0}, 
  {0, 0, 0, 0, 0, 0, 0, 255, 255, 255, 255, 255, 255, 255, 0}, 
  {0, 0, 0, 0, 0, 0, 0, 0, 0, 0, 0, 0, 0, 0, 0}
}, 
  {  {0, 0, 0, 0, 0, 0, 0, 255, 255, 255, 255, 255, 0, 0, 0}, 
  {0, 0, 0, 0, 0, 0, 0, 255, 255, 255, 255, 255, 0, 0, 0}, 
  {255, 255, 255, 0, 0, 255, 255, 255, 255, 255, 255, 255, 255, 255, 0}, 
  {0, 0, 0, 0, 0, 255, 255, 255, 255, 255, 255, 255, 255, 255, 0}, 
  {255, 255, 0, 0, 0, 255, 255, 255, 255, 255, 255, 255, 255, 255, 0}, 
  {0, 0, 255, 0, 0, 255, 255, 255, 255, 255, 255, 255, 255, 255, 0}, 
  {0, 0, 255, 0, 0, 0, 255, 255, 255, 255, 255, 255, 255, 0, 0}, 
  {255, 255, 0, 0, 0, 0, 255, 255, 255, 255, 255, 255, 255, 0, 0}, 
  {0, 0, 0, 0, 0, 0, 0, 0, 0, 0, 0, 0, 0, 0, 0}, 
  {0, 0, 0, 0, 0, 0, 0, 0, 0, 0, 0, 0, 0, 0, 0}
}, 
  {  {0, 0, 0, 0, 0, 0, 0, 0, 0, 0, 0, 0, 0, 0, 0}, 
  {0, 0, 0, 0, 0, 0, 255, 255, 255, 255, 255, 0, 0, 0, 0}, 
  {255, 255, 255, 0, 0, 0, 255, 255, 255, 255, 255, 0, 0, 0, 0}, 
  {0, 0, 0, 0, 255, 255, 255, 255, 255, 255, 255, 255, 255, 0, 0}, 
  {255, 255, 0, 0, 255, 255, 255, 255, 255, 255, 255, 255, 255, 0, 0}, 
  {0, 0, 255, 0, 255, 255, 255, 255, 255, 255, 255, 255, 255, 0, 0}, 
  {0, 0, 255, 0, 255, 255, 255, 255, 255, 255, 255, 255, 255, 0, 0}, 
  {255, 255, 0, 0, 0, 255, 255, 255, 255, 255, 255, 255, 0, 0, 0}, 
  {0, 0, 0, 0, 0, 255, 255, 255, 255, 255, 255, 255, 0, 0, 0}, 
  {0, 0, 0, 0, 0, 0, 0, 0, 0, 0, 0, 0, 0, 0, 0}
}, 
  {  {0, 0, 0, 0, 0, 0, 0, 0, 0, 0, 0, 0, 0, 0, 0}, 
  {0, 0, 0, 0, 0, 0, 255, 255, 255, 255, 255, 0, 0, 0, 0}, 
  {255, 255, 255, 0, 0, 0, 255, 255, 255, 255, 255, 0, 0, 0, 0}, 
  {0, 0, 0, 0, 255, 255, 255, 255, 255, 255, 255, 255, 255, 0, 0}, 
  {255, 255, 0, 0, 255, 255, 255, 255, 255, 255, 255, 255, 255, 0, 0}, 
  {0, 0, 255, 0, 255, 255, 255, 255, 255, 255, 255, 255, 255, 0, 0}, 
  {0, 0, 255, 0, 255, 255, 255, 255, 255, 255, 255, 255, 255, 0, 0}, 
  {255, 255, 0, 0, 0, 255, 255, 255, 255, 255, 255, 255, 0, 0, 0}, 
  {0, 0, 0, 0, 0, 255, 255, 255, 255, 255, 255, 255, 0, 0, 0}, 
  {0, 0, 0, 0, 0, 0, 0, 0, 0, 0, 0, 0, 0, 0, 0}
}, 
  {  {0, 0, 0, 0, 0, 0, 0, 0, 0, 0, 0, 0, 0, 0, 0}, 
  {0, 0, 0, 0, 0, 0, 255, 255, 255, 255, 255, 0, 0, 0, 0}, 
  {255, 255, 255, 0, 0, 0, 255, 255, 255, 255, 255, 0, 0, 0, 255}, 
  {0, 0, 0, 0, 255, 255, 255, 255, 255, 255, 255, 255, 255, 0, 0}, 
  {255, 255, 0, 0, 255, 255, 255, 255, 255, 255, 255, 255, 255, 0, 0}, 
  {0, 0, 255, 0, 255, 255, 255, 255, 255, 255, 255, 255, 255, 0, 0}, 
  {0, 0, 255, 0, 255, 255, 255, 255, 255, 255, 255, 255, 255, 0, 0}, 
  {255, 255, 0, 0, 0, 255, 255, 255, 255, 255, 255, 255, 0, 0, 0}, 
  {0, 0, 0, 0, 0, 255, 255, 255, 255, 255, 255, 255, 0, 0, 0}, 
  {0, 0, 0, 0, 0, 0, 0, 0, 0, 0, 0, 0, 0, 0, 0}
}, 
  {  {0, 0, 0, 0, 0, 0, 0, 0, 0, 0, 0, 0, 0, 0, 0}, 
  {255, 255, 0, 0, 0, 0, 255, 255, 255, 255, 255, 0, 0, 0, 0}, 
  {0, 0, 0, 0, 0, 0, 255, 255, 255, 255, 255, 0, 0, 0, 255}, 
  {255, 0, 0, 0, 255, 255, 255, 255, 255, 255, 255, 255, 255, 0, 0}, 
  {0, 255, 0, 0, 255, 255, 255, 255, 255, 255, 255, 255, 255, 0, 0}, 
  {0, 255, 0, 0, 255, 255, 255, 255, 255, 255, 255, 255, 255, 0, 0}, 
  {255, 0, 0, 0, 255, 255, 255, 255, 255, 255, 255, 255, 255, 0, 0}, 
  {0, 0, 0, 0, 0, 255, 255, 255, 255, 255, 255, 255, 0, 0, 0}, 
  {0, 0, 0, 0, 0, 255, 255, 255, 255, 255, 255, 255, 0, 0, 0}, 
  {0, 0, 0, 0, 0, 0, 0, 0, 0, 0, 0, 0, 0, 0, 0}
}, 
  {  {0, 0, 0, 0, 0, 0, 0, 0, 0, 0, 0, 0, 0, 0, 0}, 
  {0, 0, 0, 0, 0, 0, 255, 255, 255, 255, 255, 0, 0, 0, 0}, 
  {255, 0, 0, 0, 0, 0, 255, 255, 255, 255, 255, 0, 0, 0, 255}, 
  {0, 0, 0, 0, 255, 255, 255, 255, 255, 255, 255, 255, 255, 0, 0}, 
  {0, 0, 0, 0, 255, 255, 255, 255, 255, 255, 255, 255, 255, 0, 0}, 
  {255, 0, 0, 0, 255, 255, 255, 255, 255, 255, 255, 255, 255, 0, 0}, 
  {255, 0, 0, 0, 255, 255, 255, 255, 255, 255, 255, 255, 255, 0, 0}, 
  {0, 0, 0, 0, 0, 255, 255, 255, 255, 255, 255, 255, 0, 0, 0}, 
  {0, 0, 0, 0, 0, 255, 255, 255, 255, 255, 255, 255, 0, 0, 0}, 
  {0, 0, 0, 0, 0, 0, 0, 0, 0, 0, 0, 0, 0, 0, 0}
}, 
  {  {0, 0, 0, 0, 0, 255, 255, 255, 255, 255, 0, 0, 0, 0, 0}, 
  {0, 0, 0, 0, 0, 255, 255, 255, 255, 255, 0, 0, 0, 0, 0}, 
  {255, 0, 0, 255, 255, 255, 255, 255, 255, 255, 255, 255, 0, 0, 255}, 
  {0, 0, 0, 255, 255, 255, 255, 255, 255, 255, 255, 255, 0, 0, 0}, 
  {0, 0, 0, 255, 255, 255, 255, 255, 255, 255, 255, 255, 0, 0, 0}, 
  {255, 0, 0, 255, 255, 255, 255, 255, 255, 255, 255, 255, 0, 0, 0}, 
  {255, 0, 0, 0, 255, 255, 255, 255, 255, 255, 255, 0, 0, 0, 0}, 
  {0, 0, 0, 0, 255, 255, 255, 255, 255, 255, 255, 0, 0, 0, 0}, 
  {0, 0, 0, 0, 0, 0, 0, 0, 0, 0, 0, 0, 0, 0, 0}, 
  {0, 0, 0, 0, 0, 0, 0, 0, 0, 0, 0, 0, 0, 0, 0}
}, 
  {  {0, 0, 0, 0, 0, 0, 0, 0, 0, 0, 0, 0, 0, 0, 0}, 
  {0, 0, 0, 0, 255, 255, 255, 255, 255, 0, 0, 0, 0, 0, 0}, 
  {255, 0, 0, 0, 255, 255, 255, 255, 255, 0, 0, 0, 0, 0, 255}, 
  {0, 0, 255, 255, 255, 255, 255, 255, 255, 255, 255, 0, 0, 0, 0}, 
  {0, 0, 255, 255, 255, 255, 255, 255, 255, 255, 255, 0, 0, 0, 0}, 
  {255, 0, 255, 255, 255, 255, 255, 255, 255, 255, 255, 0, 0, 0, 0}, 
  {255, 0, 255, 255, 255, 255, 255, 255, 255, 255, 255, 0, 0, 0, 0}, 
  {0, 0, 0, 255, 255, 255, 255, 255, 255, 255, 0, 0, 0, 0, 0}, 
  {0, 0, 0, 255, 255, 255, 255, 255, 255, 255, 0, 0, 0, 0, 0}, 
  {0, 0, 0, 0, 0, 0, 0, 0, 0, 0, 0, 0, 0, 0, 0}
}, 
  {  {0, 0, 0, 0, 0, 0, 0, 0, 0, 0, 0, 0, 0, 0, 0}, 
  {0, 0, 0, 0, 255, 255, 255, 255, 255, 0, 0, 0, 0, 255, 255}, 
  {255, 0, 0, 0, 255, 255, 255, 255, 255, 0, 0, 0, 0, 0, 0}, 
  {0, 0, 255, 255, 255, 255, 255, 255, 255, 255, 255, 0, 0, 0, 0}, 
  {0, 0, 255, 255, 255, 255, 255, 255, 255, 255, 255, 0, 0, 0, 255}, 
  {255, 0, 255, 255, 255, 255, 255, 255, 255, 255, 255, 0, 0, 0, 255}, 
  {255, 0, 255, 255, 255, 255, 255, 255, 255, 255, 255, 0, 0, 0, 255}, 
  {0, 0, 0, 255, 255, 255, 255, 255, 255, 255, 0, 0, 0, 0, 0}, 
  {0, 0, 0, 255, 255, 255, 255, 255, 255, 255, 0, 0, 0, 0, 0}, 
  {0, 0, 0, 0, 0, 0, 0, 0, 0, 0, 0, 0, 0, 0, 0}
}, 
  {  {0, 0, 0, 0, 0, 0, 0, 0, 0, 0, 0, 0, 0, 0, 0}, 
  {0, 0, 0, 0, 255, 255, 255, 255, 255, 0, 0, 0, 0, 0, 0}, 
  {255, 0, 0, 0, 255, 255, 255, 255, 255, 0, 0, 0, 255, 255, 255}, 
  {0, 0, 255, 255, 255, 255, 255, 255, 255, 255, 255, 0, 0, 0, 0}, 
  {0, 0, 255, 255, 255, 255, 255, 255, 255, 255, 255, 0, 0, 0, 255}, 
  {255, 0, 255, 255, 255, 255, 255, 255, 255, 255, 255, 0, 0, 255, 0}, 
  {255, 0, 255, 255, 255, 255, 255, 255, 255, 255, 255, 0, 0, 255, 0}, 
  {0, 0, 0, 255, 255, 255, 255, 255, 255, 255, 0, 0, 0, 255, 0}, 
  {0, 0, 0, 255, 255, 255, 255, 255, 255, 255, 0, 0, 0, 0, 0}, 
  {0, 0, 0, 0, 0, 0, 0, 0, 0, 0, 0, 0, 0, 0, 0}
}, 
  {  {0, 0, 0, 0, 0, 0, 0, 0, 0, 0, 0, 0, 0, 0, 0}, 
  {0, 0, 0, 0, 255, 255, 255, 255, 255, 0, 0, 0, 0, 0, 0}, 
  {0, 0, 0, 0, 255, 255, 255, 255, 255, 0, 0, 0, 255, 255, 255}, 
  {0, 0, 255, 255, 255, 255, 255, 255, 255, 255, 255, 0, 0, 0, 0}, 
  {0, 0, 255, 255, 255, 255, 255, 255, 255, 255, 255, 0, 0, 0, 255}, 
  {0, 0, 255, 255, 255, 255, 255, 255, 255, 255, 255, 0, 0, 255, 0}, 
  {0, 0, 255, 255, 255, 255, 255, 255, 255, 255, 255, 0, 0, 255, 0}, 
  {0, 0, 0, 255, 255, 255, 255, 255, 255, 255, 0, 0, 0, 255, 0}, 
  {0, 0, 0, 255, 255, 255, 255, 255, 255, 255, 0, 0, 0, 0, 0}, 
  {0, 0, 0, 0, 0, 0, 0, 0, 0, 0, 0, 0, 0, 0, 0}
}, 
  {  {0, 0, 0, 0, 0, 0, 0, 0, 0, 0, 0, 0, 0, 0, 0}, 
  {0, 0, 0, 0, 255, 255, 255, 255, 255, 0, 0, 0, 0, 0, 0}, 
  {0, 0, 0, 0, 255, 255, 255, 255, 255, 0, 0, 0, 255, 255, 255}, 
  {0, 0, 255, 255, 255, 255, 255, 255, 255, 255, 255, 0, 0, 0, 0}, 
  {0, 0, 255, 255, 255, 255, 255, 255, 255, 255, 255, 0, 0, 0, 255}, 
  {0, 0, 255, 255, 255, 255, 255, 255, 255, 255, 255, 0, 0, 255, 0}, 
  {0, 0, 255, 255, 255, 255, 255, 255, 255, 255, 255, 0, 0, 255, 0}, 
  {0, 0, 0, 255, 255, 255, 255, 255, 255, 255, 0, 0, 0, 255, 0}, 
  {0, 0, 0, 255, 255, 255, 255, 255, 255, 255, 0, 0, 0, 0, 0}, 
  {0, 0, 0, 0, 0, 0, 0, 0, 0, 0, 0, 0, 0, 0, 0}
}, 
  {  {0, 0, 0, 255, 255, 255, 255, 255, 0, 0, 0, 0, 0, 0, 0}, 
  {0, 0, 0, 255, 255, 255, 255, 255, 0, 0, 0, 0, 0, 0, 0}, 
  {0, 255, 255, 255, 255, 255, 255, 255, 255, 255, 0, 0, 255, 255, 255}, 
  {0, 255, 255, 255, 255, 255, 255, 255, 255, 255, 0, 0, 0, 0, 0}, 
  {0, 255, 255, 255, 255, 255, 255, 255, 255, 255, 0, 0, 0, 0, 255}, 
  {0, 255, 255, 255, 255, 255, 255, 255, 255, 255, 0, 0, 0, 255, 0}, 
  {0, 0, 255, 255, 255, 255, 255, 255, 255, 0, 0, 0, 0, 255, 0}, 
  {0, 0, 255, 255, 255, 255, 255, 255, 255, 0, 0, 0, 0, 255, 0}, 
  {0, 0, 0, 0, 0, 0, 0, 0, 0, 0, 0, 0, 0, 0, 0}, 
  {0, 0, 0, 0, 0, 0, 0, 0, 0, 0, 0, 0, 0, 0, 0}
}, 
  {  {0, 0, 0, 0, 0, 0, 0, 0, 0, 0, 0, 0, 0, 0, 0}, 
  {0, 0, 255, 255, 255, 255, 255, 0, 0, 0, 0, 0, 0, 0, 0}, 
  {0, 0, 255, 255, 255, 255, 255, 0, 0, 0, 0, 0, 255, 255, 255}, 
  {255, 255, 255, 255, 255, 255, 255, 255, 255, 0, 0, 0, 0, 0, 0}, 
  {255, 255, 255, 255, 255, 255, 255, 255, 255, 0, 0, 0, 0, 0, 255}, 
  {255, 255, 255, 255, 255, 255, 255, 255, 255, 0, 0, 0, 0, 255, 0}, 
  {255, 255, 255, 255, 255, 255, 255, 255, 255, 0, 0, 0, 0, 255, 0}, 
  {0, 255, 255, 255, 255, 255, 255, 255, 0, 0, 0, 0, 0, 255, 0}, 
  {0, 255, 255, 255, 255, 255, 255, 255, 0, 0, 0, 0, 0, 0, 0}, 
  {0, 0, 0, 0, 0, 0, 0, 0, 0, 0, 0, 0, 0, 0, 0}
}, 
  {  {0, 0, 0, 0, 0, 0, 0, 0, 0, 0, 0, 0, 0, 0, 0}, 
  {0, 0, 255, 255, 255, 255, 255, 0, 0, 0, 0, 255, 255, 255, 255}, 
  {0, 0, 255, 255, 255, 255, 255, 0, 0, 0, 0, 0, 0, 0, 255}, 
  {255, 255, 255, 255, 255, 255, 255, 255, 255, 0, 0, 0, 0, 255, 0}, 
  {255, 255, 255, 255, 255, 255, 255, 255, 255, 0, 0, 0, 255, 0, 0}, 
  {255, 255, 255, 255, 255, 255, 255, 255, 255, 0, 0, 0, 255, 0, 0}, 
  {255, 255, 255, 255, 255, 255, 255, 255, 255, 0, 0, 0, 255, 0, 0}, 
  {0, 255, 255, 255, 255, 255, 255, 255, 0, 0, 0, 0, 0, 0, 0}, 
  {0, 255, 255, 255, 255, 255, 255, 255, 0, 0, 0, 0, 0, 0, 0}, 
  {0, 0, 0, 0, 0, 0, 0, 0, 0, 0, 0, 0, 0, 0, 0}
}, 
  {  {0, 0, 0, 0, 0, 0, 0, 0, 0, 0, 0, 0, 0, 0, 0}, 
  {0, 0, 255, 255, 255, 255, 255, 0, 0, 0, 0, 0, 0, 0, 0}, 
  {0, 0, 255, 255, 255, 255, 255, 0, 0, 0, 255, 255, 255, 255, 0}, 
  {255, 255, 255, 255, 255, 255, 255, 255, 255, 0, 0, 0, 0, 255, 0}, 
  {255, 255, 255, 255, 255, 255, 255, 255, 255, 0, 0, 0, 255, 0, 0}, 
  {255, 255, 255, 255, 255, 255, 255, 255, 255, 0, 0, 255, 0, 0, 0}, 
  {255, 255, 255, 255, 255, 255, 255, 255, 255, 0, 0, 255, 0, 0, 0}, 
  {0, 255, 255, 255, 255, 255, 255, 255, 0, 0, 0, 255, 0, 0, 0}, 
  {0, 255, 255, 255, 255, 255, 255, 255, 0, 0, 0, 0, 0, 0, 0}, 
  {0, 0, 0, 0, 0, 0, 0, 0, 0, 0, 0, 0, 0, 0, 0}
}, 
  {  {0, 255, 255, 255, 255, 255, 0, 0, 0, 0, 0, 0, 0, 0, 0}, 
  {0, 255, 255, 255, 255, 255, 0, 0, 0, 0, 0, 0, 0, 0, 0}, 
  {255, 255, 255, 255, 255, 255, 255, 255, 0, 0, 255, 255, 255, 255, 0}, 
  {255, 255, 255, 255, 255, 255, 255, 255, 0, 0, 0, 0, 0, 255, 0}, 
  {255, 255, 255, 255, 255, 255, 255, 255, 0, 0, 0, 0, 255, 0, 0}, 
  {255, 255, 255, 255, 255, 255, 255, 255, 0, 0, 0, 255, 0, 0, 0}, 
  {255, 255, 255, 255, 255, 255, 255, 0, 0, 0, 0, 255, 0, 0, 0}, 
  {255, 255, 255, 255, 255, 255, 255, 0, 0, 0, 0, 255, 0, 0, 0}, 
  {0, 0, 0, 0, 0, 0, 0, 0, 0, 0, 0, 0, 0, 0, 0}, 
  {0, 0, 0, 0, 0, 0, 0, 0, 0, 0, 0, 0, 0, 0, 0}
}, 
  {  {0, 0, 0, 0, 0, 0, 0, 0, 0, 0, 0, 0, 0, 0, 0}, 
  {255, 255, 255, 255, 255, 0, 0, 0, 0, 0, 0, 0, 0, 0, 0}, 
  {255, 255, 255, 255, 255, 0, 0, 0, 0, 0, 255, 255, 255, 255, 0}, 
  {255, 255, 255, 255, 255, 255, 255, 0, 0, 0, 0, 0, 0, 255, 0}, 
  {255, 255, 255, 255, 255, 255, 255, 0, 0, 0, 0, 0, 255, 0, 0}, 
  {255, 255, 255, 255, 255, 255, 255, 0, 0, 0, 0, 255, 0, 0, 0}, 
  {255, 255, 255, 255, 255, 255, 255, 0, 0, 0, 0, 255, 0, 0, 0}, 
  {255, 255, 255, 255, 255, 255, 0, 0, 0, 0, 0, 255, 0, 0, 0}, 
  {255, 255, 255, 255, 255, 255, 0, 0, 0, 0, 0, 0, 0, 0, 0}, 
  {0, 0, 0, 0, 0, 0, 0, 0, 0, 0, 0, 0, 0, 0, 0}
}, 
  {  {0, 0, 0, 0, 0, 0, 0, 0, 0, 0, 0, 0, 0, 0, 0}, 
  {255, 255, 255, 255, 255, 0, 0, 0, 0, 255, 255, 255, 255, 0, 0}, 
  {255, 255, 255, 255, 255, 0, 0, 0, 0, 0, 0, 0, 255, 0, 0}, 
  {255, 255, 255, 255, 255, 255, 255, 0, 0, 0, 0, 255, 0, 0, 0}, 
  {255, 255, 255, 255, 255, 255, 255, 0, 0, 0, 255, 0, 0, 0, 0}, 
  {255, 255, 255, 255, 255, 255, 255, 0, 0, 0, 255, 0, 0, 0, 0}, 
  {255, 255, 255, 255, 255, 255, 255, 0, 0, 0, 255, 0, 0, 0, 0}, 
  {255, 255, 255, 255, 255, 255, 0, 0, 0, 0, 0, 0, 0, 0, 0}, 
  {255, 255, 255, 255, 255, 255, 0, 0, 0, 0, 0, 0, 0, 0, 0}, 
  {0, 0, 0, 0, 0, 0, 0, 0, 0, 0, 0, 0, 0, 0, 0}
}, 
  {  {0, 0, 0, 0, 0, 0, 0, 0, 0, 0, 0, 0, 0, 0, 0}, 
  {255, 255, 255, 255, 255, 0, 0, 0, 0, 0, 0, 0, 0, 0, 0}, 
  {255, 255, 255, 255, 255, 0, 0, 0, 255, 255, 255, 255, 0, 0, 0}, 
  {255, 255, 255, 255, 255, 255, 255, 0, 0, 0, 0, 255, 0, 0, 0}, 
  {255, 255, 255, 255, 255, 255, 255, 0, 0, 0, 255, 0, 0, 0, 0}, 
  {255, 255, 255, 255, 255, 255, 255, 0, 0, 255, 0, 0, 0, 0, 0}, 
  {255, 255, 255, 255, 255, 255, 255, 0, 0, 255, 0, 0, 0, 0, 0}, 
  {255, 255, 255, 255, 255, 255, 0, 0, 0, 255, 0, 0, 0, 0, 0}, 
  {255, 255, 255, 255, 255, 255, 0, 0, 0, 0, 0, 0, 0, 0, 0}, 
  {0, 0, 0, 0, 0, 0, 0, 0, 0, 0, 0, 0, 0, 0, 0}
}, 
  {  {0, 0, 0, 0, 0, 0, 0, 0, 0, 0, 0, 0, 0, 0, 0}, 
  {255, 255, 255, 255, 255, 0, 0, 0, 0, 0, 0, 0, 0, 0, 0}, 
  {255, 255, 255, 255, 255, 0, 0, 0, 255, 255, 255, 255, 0, 0, 255}, 
  {255, 255, 255, 255, 255, 255, 255, 0, 0, 0, 0, 255, 0, 0, 0}, 
  {255, 255, 255, 255, 255, 255, 255, 0, 0, 0, 255, 0, 0, 0, 0}, 
  {255, 255, 255, 255, 255, 255, 255, 0, 0, 255, 0, 0, 0, 0, 0}, 
  {255, 255, 255, 255, 255, 255, 255, 0, 0, 255, 0, 0, 0, 0, 255}, 
  {255, 255, 255, 255, 255, 255, 0, 0, 0, 255, 0, 0, 0, 0, 0}, 
  {255, 255, 255, 255, 255, 255, 0, 0, 0, 0, 0, 0, 0, 0, 0}, 
  {0, 0, 0, 0, 0, 0, 0, 0, 0, 0, 0, 0, 0, 0, 0}
}, 
  {  {0, 0, 0, 0, 0, 0, 0, 0, 0, 0, 0, 0, 0, 0, 0}, 
  {255, 255, 255, 255, 255, 0, 0, 0, 0, 0, 0, 0, 0, 0, 0}, 
  {255, 255, 255, 255, 255, 0, 0, 0, 255, 255, 255, 255, 0, 0, 255}, 
  {255, 255, 255, 255, 255, 255, 255, 0, 0, 0, 0, 255, 0, 255, 255}, 
  {255, 255, 255, 255, 255, 255, 255, 0, 0, 0, 255, 0, 0, 0, 255}, 
  {255, 255, 255, 255, 255, 255, 255, 0, 0, 255, 0, 0, 0, 0, 255}, 
  {255, 255, 255, 255, 255, 255, 255, 0, 0, 255, 0, 0, 0, 0, 255}, 
  {255, 255, 255, 255, 255, 255, 0, 0, 0, 255, 0, 0, 0, 255, 255}, 
  {255, 255, 255, 255, 255, 255, 0, 0, 0, 0, 0, 0, 0, 0, 0}, 
  {0, 0, 0, 0, 0, 0, 0, 0, 0, 0, 0, 0, 0, 0, 0}
}, 
  {  {255, 255, 255, 255, 0, 0, 0, 0, 0, 0, 0, 0, 0, 0, 0}, 
  {255, 255, 255, 255, 0, 0, 0, 0, 0, 0, 0, 0, 0, 0, 0}, 
  {255, 255, 255, 255, 255, 255, 0, 0, 255, 255, 255, 255, 0, 0, 255}, 
  {255, 255, 255, 255, 255, 255, 0, 0, 0, 0, 0, 255, 0, 255, 255}, 
  {255, 255, 255, 255, 255, 255, 0, 0, 0, 0, 255, 0, 0, 0, 255}, 
  {255, 255, 255, 255, 255, 255, 0, 0, 0, 255, 0, 0, 0, 0, 255}, 
  {255, 255, 255, 255, 255, 0, 0, 0, 0, 255, 0, 0, 0, 0, 255}, 
  {255, 255, 255, 255, 255, 0, 0, 0, 0, 255, 0, 0, 0, 255, 255}, 
  {0, 0, 0, 0, 0, 0, 0, 0, 0, 0, 0, 0, 0, 0, 0}, 
  {0, 0, 0, 0, 0, 0, 0, 0, 0, 0, 0, 0, 0, 0, 0}
}, 
  {  {0, 0, 0, 0, 0, 0, 0, 0, 0, 0, 0, 0, 0, 0, 0}, 
  {255, 255, 255, 0, 0, 0, 0, 0, 0, 0, 0, 0, 0, 0, 0}, 
  {255, 255, 255, 0, 0, 0, 0, 0, 255, 255, 255, 255, 0, 0, 255}, 
  {255, 255, 255, 255, 255, 0, 0, 0, 0, 0, 0, 255, 0, 255, 255}, 
  {255, 255, 255, 255, 255, 0, 0, 0, 0, 0, 255, 0, 0, 0, 255}, 
  {255, 255, 255, 255, 255, 0, 0, 0, 0, 255, 0, 0, 0, 0, 255}, 
  {255, 255, 255, 255, 255, 0, 0, 0, 0, 255, 0, 0, 0, 0, 255}, 
  {255, 255, 255, 255, 0, 0, 0, 0, 0, 255, 0, 0, 0, 255, 255}, 
  {255, 255, 255, 255, 0, 0, 0, 0, 0, 0, 0, 0, 0, 0, 0}, 
  {0, 0, 0, 0, 0, 0, 0, 0, 0, 0, 0, 0, 0, 0, 0}
}, 
  {  {0, 0, 0, 0, 0, 0, 0, 0, 0, 0, 0, 0, 0, 0, 0}, 
  {255, 255, 255, 0, 0, 0, 0, 255, 255, 255, 255, 0, 0, 0, 0}, 
  {255, 255, 255, 0, 0, 0, 0, 0, 0, 0, 255, 0, 0, 0, 255}, 
  {255, 255, 255, 255, 255, 0, 0, 0, 0, 255, 0, 0, 0, 255, 255}, 
  {255, 255, 255, 255, 255, 0, 0, 0, 255, 0, 0, 0, 0, 0, 255}, 
  {255, 255, 255, 255, 255, 0, 0, 0, 255, 0, 0, 0, 0, 0, 255}, 
  {255, 255, 255, 255, 255, 0, 0, 0, 255, 0, 0, 0, 0, 0, 255}, 
  {255, 255, 255, 255, 0, 0, 0, 0, 0, 0, 0, 0, 0, 255, 255}, 
  {255, 255, 255, 255, 0, 0, 0, 0, 0, 0, 0, 0, 0, 0, 0}, 
  {0, 0, 0, 0, 0, 0, 0, 0, 0, 0, 0, 0, 0, 0, 0}
}, 
  {  {0, 0, 0, 0, 0, 0, 0, 0, 0, 0, 0, 0, 0, 0, 0}, 
  {255, 255, 255, 0, 0, 0, 0, 0, 0, 0, 0, 0, 0, 0, 0}, 
  {255, 255, 255, 0, 0, 0, 255, 255, 255, 255, 0, 0, 0, 0, 255}, 
  {255, 255, 255, 255, 255, 0, 0, 0, 0, 255, 0, 0, 0, 255, 255}, 
  {255, 255, 255, 255, 255, 0, 0, 0, 255, 0, 0, 0, 0, 0, 255}, 
  {255, 255, 255, 255, 255, 0, 0, 255, 0, 0, 0, 0, 0, 0, 255}, 
  {255, 255, 255, 255, 255, 0, 0, 255, 0, 0, 0, 0, 0, 0, 255}, 
  {255, 255, 255, 255, 0, 0, 0, 255, 0, 0, 0, 0, 0, 255, 255}, 
  {255, 255, 255, 255, 0, 0, 0, 0, 0, 0, 0, 0, 0, 0, 0}, 
  {0, 0, 0, 0, 0, 0, 0, 0, 0, 0, 0, 0, 0, 0, 0}
}, 
  {  {0, 0, 0, 0, 0, 0, 0, 0, 0, 0, 0, 0, 0, 0, 0}, 
  {255, 255, 255, 0, 0, 0, 0, 0, 0, 0, 0, 0, 0, 255, 0}, 
  {255, 255, 255, 0, 0, 0, 255, 255, 255, 255, 0, 0, 255, 255, 0}, 
  {255, 255, 255, 255, 255, 0, 0, 0, 0, 255, 0, 0, 0, 255, 0}, 
  {255, 255, 255, 255, 255, 0, 0, 0, 255, 0, 0, 0, 0, 255, 0}, 
  {255, 255, 255, 255, 255, 0, 0, 255, 0, 0, 0, 0, 0, 255, 0}, 
  {255, 255, 255, 255, 255, 0, 0, 255, 0, 0, 0, 0, 255, 255, 255}, 
  {255, 255, 255, 255, 0, 0, 0, 255, 0, 0, 0, 0, 0, 0, 0}, 
  {255, 255, 255, 255, 0, 0, 0, 0, 0, 0, 0, 0, 0, 0, 0}, 
  {0, 0, 0, 0, 0, 0, 0, 0, 0, 0, 0, 0, 0, 0, 0}
}, 
  {  {0, 0, 0, 0, 0, 0, 0, 0, 0, 0, 0, 0, 0, 0, 0}, 
  {255, 255, 255, 0, 0, 0, 0, 0, 0, 0, 0, 0, 0, 0, 0}, 
  {255, 255, 255, 0, 0, 0, 255, 255, 255, 255, 0, 0, 255, 0, 0}, 
  {255, 255, 255, 255, 255, 0, 0, 0, 0, 255, 0, 255, 255, 0, 0}, 
  {255, 255, 255, 255, 255, 0, 0, 0, 255, 0, 0, 0, 255, 0, 0}, 
  {255, 255, 255, 255, 255, 0, 0, 255, 0, 0, 0, 0, 255, 0, 0}, 
  {255, 255, 255, 255, 255, 0, 0, 255, 0, 0, 0, 0, 255, 0, 0}, 
  {255, 255, 255, 255, 0, 0, 0, 255, 0, 0, 0, 255, 255, 255, 0}, 
  {255, 255, 255, 255, 0, 0, 0, 0, 0, 0, 0, 0, 0, 0, 0}, 
  {0, 0, 0, 0, 0, 0, 0, 0, 0, 0, 0, 0, 0, 0, 0}
}, 
  {  {255, 255, 0, 0, 0, 0, 0, 0, 0, 0, 0, 0, 0, 0, 0}, 
  {255, 255, 0, 0, 0, 0, 0, 0, 0, 0, 0, 0, 0, 0, 0}, 
  {255, 255, 255, 255, 0, 0, 255, 255, 255, 255, 0, 0, 255, 0, 0}, 
  {255, 255, 255, 255, 0, 0, 0, 0, 0, 255, 0, 255, 255, 0, 0}, 
  {255, 255, 255, 255, 0, 0, 0, 0, 255, 0, 0, 0, 255, 0, 0}, 
  {255, 255, 255, 255, 0, 0, 0, 255, 0, 0, 0, 0, 255, 0, 0}, 
  {255, 255, 255, 0, 0, 0, 0, 255, 0, 0, 0, 0, 255, 0, 0}, 
  {255, 255, 255, 0, 0, 0, 0, 255, 0, 0, 0, 255, 255, 255, 0}, 
  {0, 0, 0, 0, 0, 0, 0, 0, 0, 0, 0, 0, 0, 0, 0}, 
  {0, 0, 0, 0, 0, 0, 0, 0, 0, 0, 0, 0, 0, 0, 0}
}, 
  {  {0, 0, 0, 0, 0, 0, 0, 0, 0, 0, 0, 0, 0, 0, 0}, 
  {255, 0, 0, 0, 0, 0, 0, 0, 0, 0, 0, 0, 0, 0, 0}, 
  {255, 0, 0, 0, 0, 0, 255, 255, 255, 255, 0, 0, 255, 0, 0}, 
  {255, 255, 255, 0, 0, 0, 0, 0, 0, 255, 0, 255, 255, 0, 0}, 
  {255, 255, 255, 0, 0, 0, 0, 0, 255, 0, 0, 0, 255, 0, 0}, 
  {255, 255, 255, 0, 0, 0, 0, 255, 0, 0, 0, 0, 255, 0, 0}, 
  {255, 255, 255, 0, 0, 0, 0, 255, 0, 0, 0, 0, 255, 0, 0}, 
  {255, 255, 0, 0, 0, 0, 0, 255, 0, 0, 0, 255, 255, 255, 0}, 
  {255, 255, 0, 0, 0, 0, 0, 0, 0, 0, 0, 0, 0, 0, 0}, 
  {0, 0, 0, 0, 0, 0, 0, 0, 0, 0, 0, 0, 0, 0, 0}
}, 
  {  {0, 0, 0, 0, 0, 0, 0, 0, 0, 0, 0, 0, 0, 0, 0}, 
  {255, 0, 0, 0, 0, 255, 255, 255, 255, 0, 0, 0, 0, 0, 0}, 
  {255, 0, 0, 0, 0, 0, 0, 0, 255, 0, 0, 0, 255, 0, 0}, 
  {255, 255, 255, 0, 0, 0, 0, 255, 0, 0, 0, 255, 255, 0, 0}, 
  {255, 255, 255, 0, 0, 0, 255, 0, 0, 0, 0, 0, 255, 0, 0}, 
  {255, 255, 255, 0, 0, 0, 255, 0, 0, 0, 0, 0, 255, 0, 0}, 
  {255, 255, 255, 0, 0, 0, 255, 0, 0, 0, 0, 0, 255, 0, 0}, 
  {255, 255, 0, 0, 0, 0, 0, 0, 0, 0, 0, 255, 255, 255, 0}, 
  {255, 255, 0, 0, 0, 0, 0, 0, 0, 0, 0, 0, 0, 0, 0}, 
  {0, 0, 0, 0, 0, 0, 0, 0, 0, 0, 0, 0, 0, 0, 0}
}, 
  {  {0, 0, 0, 0, 0, 0, 0, 0, 0, 0, 0, 0, 0, 0, 0}, 
  {255, 0, 0, 0, 0, 0, 0, 0, 0, 0, 0, 0, 0, 0, 0}, 
  {255, 0, 0, 0, 255, 255, 255, 255, 0, 0, 0, 0, 255, 0, 0}, 
  {255, 255, 255, 0, 0, 0, 0, 255, 0, 0, 0, 255, 255, 0, 0}, 
  {255, 255, 255, 0, 0, 0, 255, 0, 0, 0, 0, 0, 255, 0, 0}, 
  {255, 255, 255, 0, 0, 255, 0, 0, 0, 0, 0, 0, 255, 0, 0}, 
  {255, 255, 255, 0, 0, 255, 0, 0, 0, 0, 0, 0, 255, 0, 0}, 
  {255, 255, 0, 0, 0, 255, 0, 0, 0, 0, 0, 255, 255, 255, 0}, 
  {255, 255, 0, 0, 0, 0, 0, 0, 0, 0, 0, 0, 0, 0, 0}, 
  {0, 0, 0, 0, 0, 0, 0, 0, 0, 0, 0, 0, 0, 0, 0}
}, 
  {  {0, 0, 0, 0, 0, 0, 0, 0, 0, 0, 0, 0, 0, 0, 0}, 
  {255, 0, 0, 0, 0, 0, 0, 0, 0, 0, 0, 255, 0, 0, 0}, 
  {255, 0, 0, 0, 255, 255, 255, 255, 0, 0, 255, 255, 0, 0, 0}, 
  {255, 255, 255, 0, 0, 0, 0, 255, 0, 0, 0, 255, 0, 0, 0}, 
  {255, 255, 255, 0, 0, 0, 255, 0, 0, 0, 0, 255, 0, 0, 0}, 
  {255, 255, 255, 0, 0, 255, 0, 0, 0, 0, 0, 255, 0, 0, 0}, 
  {255, 255, 255, 0, 0, 255, 0, 0, 0, 0, 255, 255, 255, 0, 0}, 
  {255, 255, 0, 0, 0, 255, 0, 0, 0, 0, 0, 0, 0, 0, 0}, 
  {255, 255, 0, 0, 0, 0, 0, 0, 0, 0, 0, 0, 0, 0, 0}, 
  {0, 0, 0, 0, 0, 0, 0, 0, 0, 0, 0, 0, 0, 0, 0}
}, 
  {  {0, 0, 0, 0, 0, 0, 0, 0, 0, 0, 0, 0, 0, 0, 0}, 
  {255, 0, 0, 0, 0, 0, 0, 0, 0, 0, 0, 0, 0, 0, 0}, 
  {255, 0, 0, 0, 255, 255, 255, 255, 0, 0, 255, 0, 0, 0, 0}, 
  {255, 255, 255, 0, 0, 0, 0, 255, 0, 255, 255, 0, 0, 0, 0}, 
  {255, 255, 255, 0, 0, 0, 255, 0, 0, 0, 255, 0, 0, 0, 0}, 
  {255, 255, 255, 0, 0, 255, 0, 0, 0, 0, 255, 0, 0, 0, 0}, 
  {255, 255, 255, 0, 0, 255, 0, 0, 0, 0, 255, 0, 0, 0, 0}, 
  {255, 255, 0, 0, 0, 255, 0, 0, 0, 255, 255, 255, 0, 0, 0}, 
  {255, 255, 0, 0, 0, 0, 0, 0, 0, 0, 0, 0, 0, 0, 0}, 
  {0, 0, 0, 0, 0, 0, 0, 0, 0, 0, 0, 0, 0, 0, 0}
}, 
  {  {0, 0, 0, 0, 0, 0, 0, 0, 0, 0, 0, 0, 0, 0, 0}, 
  {255, 0, 0, 0, 0, 0, 0, 0, 0, 0, 0, 0, 0, 0, 255}, 
  {255, 0, 0, 0, 255, 255, 255, 255, 0, 0, 255, 0, 0, 0, 0}, 
  {255, 255, 255, 0, 0, 0, 0, 255, 0, 255, 255, 0, 0, 0, 0}, 
  {255, 255, 255, 0, 0, 0, 255, 0, 0, 0, 255, 0, 0, 0, 0}, 
  {255, 255, 255, 0, 0, 255, 0, 0, 0, 0, 255, 0, 0, 0, 255}, 
  {255, 255, 255, 0, 0, 255, 0, 0, 0, 0, 255, 0, 0, 0, 255}, 
  {255, 255, 0, 0, 0, 255, 0, 0, 0, 255, 255, 255, 0, 0, 0}, 
  {255, 255, 0, 0, 0, 0, 0, 0, 0, 0, 0, 0, 0, 0, 0}, 
  {0, 0, 0, 0, 0, 0, 0, 0, 0, 0, 0, 0, 0, 0, 0}
}, 
  {  {0, 0, 0, 0, 0, 0, 0, 0, 0, 0, 0, 0, 0, 0, 0}, 
  {255, 0, 0, 0, 0, 0, 0, 0, 0, 0, 0, 0, 0, 0, 0}, 
  {255, 0, 0, 0, 255, 255, 255, 255, 0, 0, 255, 0, 0, 255, 255}, 
  {255, 255, 255, 0, 0, 0, 0, 255, 0, 255, 255, 0, 0, 0, 0}, 
  {255, 255, 255, 0, 0, 0, 255, 0, 0, 0, 255, 0, 0, 0, 0}, 
  {255, 255, 255, 0, 0, 255, 0, 0, 0, 0, 255, 0, 0, 0, 255}, 
  {255, 255, 255, 0, 0, 255, 0, 0, 0, 0, 255, 0, 0, 255, 0}, 
  {255, 255, 0, 0, 0, 255, 0, 0, 0, 255, 255, 255, 0, 255, 255}, 
  {255, 255, 0, 0, 0, 0, 0, 0, 0, 0, 0, 0, 0, 0, 0}, 
  {0, 0, 0, 0, 0, 0, 0, 0, 0, 0, 0, 0, 0, 0, 0}
}, 
  {  {0, 0, 0, 0, 0, 0, 0, 0, 0, 0, 0, 0, 0, 0, 0}, 
  {0, 0, 0, 0, 0, 0, 0, 0, 0, 0, 0, 0, 0, 0, 0}, 
  {255, 255, 0, 0, 255, 255, 255, 255, 0, 0, 255, 0, 0, 255, 255}, 
  {255, 255, 0, 0, 0, 0, 0, 255, 0, 255, 255, 0, 0, 0, 0}, 
  {255, 255, 0, 0, 0, 0, 255, 0, 0, 0, 255, 0, 0, 0, 0}, 
  {255, 255, 0, 0, 0, 255, 0, 0, 0, 0, 255, 0, 0, 0, 255}, 
  {255, 0, 0, 0, 0, 255, 0, 0, 0, 0, 255, 0, 0, 255, 0}, 
  {255, 0, 0, 0, 0, 255, 0, 0, 0, 255, 255, 255, 0, 255, 255}, 
  {0, 0, 0, 0, 0, 0, 0, 0, 0, 0, 0, 0, 0, 0, 0}, 
  {0, 0, 0, 0, 0, 0, 0, 0, 0, 0, 0, 0, 0, 0, 0}
}, 
  {  {0, 0, 0, 0, 0, 0, 0, 0, 0, 0, 0, 0, 0, 0, 0}, 
  {0, 0, 0, 0, 0, 0, 0, 0, 0, 0, 0, 0, 0, 0, 0}, 
  {0, 0, 0, 0, 255, 255, 255, 255, 0, 0, 255, 0, 0, 255, 255}, 
  {255, 0, 0, 0, 0, 0, 0, 255, 0, 255, 255, 0, 0, 0, 0}, 
  {255, 0, 0, 0, 0, 0, 255, 0, 0, 0, 255, 0, 0, 0, 0}, 
  {255, 0, 0, 0, 0, 255, 0, 0, 0, 0, 255, 0, 0, 0, 255}, 
  {255, 0, 0, 0, 0, 255, 0, 0, 0, 0, 255, 0, 0, 255, 0}, 
  {0, 0, 0, 0, 0, 255, 0, 0, 0, 255, 255, 255, 0, 255, 255}, 
  {0, 0, 0, 0, 0, 0, 0, 0, 0, 0, 0, 0, 0, 0, 0}, 
  {0, 0, 0, 0, 0, 0, 0, 0, 0, 0, 0, 0, 0, 0, 0}
}, 
  {  {0, 0, 0, 0, 0, 0, 0, 0, 0, 0, 0, 0, 0, 0, 0}, 
  {0, 0, 0, 255, 255, 255, 255, 0, 0, 0, 0, 0, 0, 0, 0}, 
  {0, 0, 0, 0, 0, 0, 255, 0, 0, 0, 255, 0, 0, 255, 255}, 
  {255, 0, 0, 0, 0, 255, 0, 0, 0, 255, 255, 0, 0, 0, 0}, 
  {255, 0, 0, 0, 255, 0, 0, 0, 0, 0, 255, 0, 0, 0, 0}, 
  {255, 0, 0, 0, 255, 0, 0, 0, 0, 0, 255, 0, 0, 0, 255}, 
  {255, 0, 0, 0, 255, 0, 0, 0, 0, 0, 255, 0, 0, 255, 0}, 
  {0, 0, 0, 0, 0, 0, 0, 0, 0, 255, 255, 255, 0, 255, 255}, 
  {0, 0, 0, 0, 0, 0, 0, 0, 0, 0, 0, 0, 0, 0, 0}, 
  {0, 0, 0, 0, 0, 0, 0, 0, 0, 0, 0, 0, 0, 0, 0}
}, 
  {  {0, 0, 0, 0, 0, 0, 0, 0, 0, 0, 0, 0, 0, 0, 0}, 
  {0, 0, 0, 0, 0, 0, 0, 0, 0, 0, 0, 0, 0, 0, 0}, 
  {0, 0, 255, 255, 255, 255, 0, 0, 0, 0, 255, 0, 0, 255, 255}, 
  {255, 0, 0, 0, 0, 255, 0, 0, 0, 255, 255, 0, 0, 0, 0}, 
  {255, 0, 0, 0, 255, 0, 0, 0, 0, 0, 255, 0, 0, 0, 0}, 
  {255, 0, 0, 255, 0, 0, 0, 0, 0, 0, 255, 0, 0, 0, 255}, 
  {255, 0, 0, 255, 0, 0, 0, 0, 0, 0, 255, 0, 0, 255, 0}, 
  {0, 0, 0, 255, 0, 0, 0, 0, 0, 255, 255, 255, 0, 255, 255}, 
  {0, 0, 0, 0, 0, 0, 0, 0, 0, 0, 0, 0, 0, 0, 0}, 
  {0, 0, 0, 0, 0, 0, 0, 0, 0, 0, 0, 0, 0, 0, 0}
}, 
  {  {0, 0, 0, 0, 0, 0, 0, 0, 0, 0, 0, 0, 0, 0, 0}, 
  {0, 0, 0, 0, 0, 0, 0, 0, 0, 255, 0, 0, 0, 0, 0}, 
  {0, 0, 255, 255, 255, 255, 0, 0, 255, 255, 0, 0, 0, 255, 255}, 
  {255, 0, 0, 0, 0, 255, 0, 0, 0, 255, 0, 0, 0, 0, 0}, 
  {255, 0, 0, 0, 255, 0, 0, 0, 0, 255, 0, 0, 0, 0, 0}, 
  {255, 0, 0, 255, 0, 0, 0, 0, 0, 255, 0, 0, 0, 0, 255}, 
  {255, 0, 0, 255, 0, 0, 0, 0, 255, 255, 255, 0, 0, 255, 0}, 
  {0, 0, 0, 255, 0, 0, 0, 0, 0, 0, 0, 0, 0, 255, 255}, 
  {0, 0, 0, 0, 0, 0, 0, 0, 0, 0, 0, 0, 0, 0, 0}, 
  {0, 0, 0, 0, 0, 0, 0, 0, 0, 0, 0, 0, 0, 0, 0}
}, 
  {  {0, 0, 0, 0, 0, 0, 0, 0, 0, 0, 0, 0, 0, 0, 0}, 
  {0, 0, 0, 0, 0, 0, 0, 0, 0, 0, 0, 0, 0, 0, 0}, 
  {0, 0, 255, 255, 255, 255, 0, 0, 255, 0, 0, 0, 0, 255, 255}, 
  {255, 0, 0, 0, 0, 255, 0, 255, 255, 0, 0, 0, 0, 0, 0}, 
  {255, 0, 0, 0, 255, 0, 0, 0, 255, 0, 0, 0, 0, 0, 0}, 
  {255, 0, 0, 255, 0, 0, 0, 0, 255, 0, 0, 0, 0, 0, 255}, 
  {255, 0, 0, 255, 0, 0, 0, 0, 255, 0, 0, 0, 0, 255, 0}, 
  {0, 0, 0, 255, 0, 0, 0, 255, 255, 255, 0, 0, 0, 255, 255}, 
  {0, 0, 0, 0, 0, 0, 0, 0, 0, 0, 0, 0, 0, 0, 0}, 
  {0, 0, 0, 0, 0, 0, 0, 0, 0, 0, 0, 0, 0, 0, 0}
}, 
  {  {0, 0, 0, 0, 0, 0, 0, 0, 0, 0, 0, 0, 0, 0, 0}, 
  {0, 0, 0, 0, 0, 0, 0, 0, 0, 0, 0, 0, 255, 255, 255}, 
  {0, 0, 255, 255, 255, 255, 0, 0, 255, 0, 0, 0, 0, 0, 0}, 
  {255, 0, 0, 0, 0, 255, 0, 255, 255, 0, 0, 0, 0, 0, 0}, 
  {255, 0, 0, 0, 255, 0, 0, 0, 255, 0, 0, 0, 0, 255, 255}, 
  {255, 0, 0, 255, 0, 0, 0, 0, 255, 0, 0, 0, 255, 0, 0}, 
  {255, 0, 0, 255, 0, 0, 0, 0, 255, 0, 0, 0, 255, 255, 255}, 
  {0, 0, 0, 255, 0, 0, 0, 255, 255, 255, 0, 0, 0, 0, 0}, 
  {0, 0, 0, 0, 0, 0, 0, 0, 0, 0, 0, 0, 0, 0, 0}, 
  {0, 0, 0, 0, 0, 0, 0, 0, 0, 0, 0, 0, 0, 0, 0}
}, 
  {  {0, 0, 0, 0, 0, 0, 0, 0, 0, 0, 0, 0, 0, 0, 0}, 
  {0, 0, 0, 0, 0, 0, 0, 0, 0, 0, 0, 0, 0, 0, 0}, 
  {0, 0, 255, 255, 255, 255, 0, 0, 255, 0, 0, 255, 255, 255, 0}, 
  {255, 0, 0, 0, 0, 255, 0, 255, 255, 0, 0, 0, 0, 0, 255}, 
  {255, 0, 0, 0, 255, 0, 0, 0, 255, 0, 0, 0, 0, 0, 255}, 
  {255, 0, 0, 255, 0, 0, 0, 0, 255, 0, 0, 0, 255, 255, 0}, 
  {255, 0, 0, 255, 0, 0, 0, 0, 255, 0, 0, 255, 0, 0, 0}, 
  {0, 0, 0, 255, 0, 0, 0, 255, 255, 255, 0, 255, 255, 255, 255}, 
  {0, 0, 0, 0, 0, 0, 0, 0, 0, 0, 0, 0, 0, 0, 0}, 
  {0, 0, 0, 0, 0, 0, 0, 0, 0, 0, 0, 0, 0, 0, 0}
}, 
  {  {0, 0, 0, 0, 0, 0, 0, 0, 0, 0, 0, 0, 0, 0, 0}, 
  {0, 0, 0, 0, 0, 0, 0, 0, 0, 0, 0, 0, 0, 0, 0}, 
  {0, 0, 255, 255, 255, 255, 0, 0, 255, 0, 0, 255, 255, 255, 0}, 
  {0, 0, 0, 0, 0, 255, 0, 255, 255, 0, 0, 0, 0, 0, 255}, 
  {0, 0, 0, 0, 255, 0, 0, 0, 255, 0, 0, 0, 0, 0, 255}, 
  {0, 0, 0, 255, 0, 0, 0, 0, 255, 0, 0, 0, 255, 255, 0}, 
  {0, 0, 0, 255, 0, 0, 0, 0, 255, 0, 0, 255, 0, 0, 0}, 
  {0, 0, 0, 255, 0, 0, 0, 255, 255, 255, 0, 255, 255, 255, 255}, 
  {0, 0, 0, 0, 0, 0, 0, 0, 0, 0, 0, 0, 0, 0, 0}, 
  {0, 0, 0, 0, 0, 0, 0, 0, 0, 0, 0, 0, 0, 0, 0}
}, 
  {  {0, 0, 0, 0, 0, 0, 0, 0, 0, 0, 0, 0, 0, 0, 0}, 
  {0, 0, 0, 0, 0, 0, 0, 0, 0, 0, 0, 0, 0, 0, 0}, 
  {0, 255, 255, 255, 255, 0, 0, 255, 0, 0, 255, 255, 255, 0, 0}, 
  {0, 0, 0, 0, 255, 0, 255, 255, 0, 0, 0, 0, 0, 255, 0}, 
  {0, 0, 0, 255, 0, 0, 0, 255, 0, 0, 0, 0, 0, 255, 0}, 
  {0, 0, 255, 0, 0, 0, 0, 255, 0, 0, 0, 255, 255, 0, 0}, 
  {0, 0, 255, 0, 0, 0, 0, 255, 0, 0, 255, 0, 0, 0, 0}, 
  {0, 0, 255, 0, 0, 0, 255, 255, 255, 0, 255, 255, 255, 255, 0}, 
  {0, 0, 0, 0, 0, 0, 0, 0, 0, 0, 0, 0, 0, 0, 0}, 
  {0, 0, 0, 0, 0, 0, 0, 0, 0, 0, 0, 0, 0, 0, 0}
}
