byte rdpopupgif_reds[36][10][15]=
  {  {0, 0, 0, 0, 0, 0, 0, 0, 0, 0, 0, 0, 0, 0, 0}, 
  {0, 0, 0, 0, 0, 0, 0, 0, 0, 0, 0, 0, 0, 0, 0}, 
  {0, 0, 0, 0, 0, 0, 0, 0, 0, 0, 0, 0, 0, 0, 0}, 
  {0, 0, 0, 0, 0, 0, 0, 0, 0, 0, 0, 0, 0, 0, 0}, 
  {0, 0, 0, 0, 0, 0, 0, 0, 0, 0, 0, 0, 0, 0, 0}, 
  {0, 0, 0, 0, 0, 0, 0, 0, 0, 0, 0, 0, 0, 0, 0}, 
  {0, 0, 0, 0, 0, 0, 0, 0, 0, 0, 0, 0, 0, 0, 0}, 
  {0, 0, 0, 0, 0, 0, 0, 0, 0, 0, 0, 0, 0, 0, 0}, 
  {0, 0, 0, 0, 0, 0, 0, 0, 0, 0, 0, 0, 0, 0, 0}, 
  {0, 0, 0, 0, 0, 0, 0, 0, 0, 0, 0, 0, 0, 0, 0}
}, 
  {  {0, 0, 0, 0, 0, 0, 0, 0, 0, 0, 0, 0, 0, 0, 0}, 
  {0, 0, 0, 0, 0, 0, 0, 0, 0, 0, 0, 0, 0, 0, 0}, 
  {0, 0, 0, 0, 0, 0, 0, 0, 0, 0, 0, 0, 0, 0, 0}, 
  {0, 0, 0, 0, 0, 0, 0, 0, 0, 0, 0, 0, 0, 0, 0}, 
  {0, 0, 0, 0, 0, 0, 0, 0, 0, 0, 0, 0, 0, 0, 0}, 
  {0, 0, 0, 0, 0, 0, 0, 0, 0, 0, 0, 0, 0, 0, 0}, 
  {0, 0, 0, 0, 0, 0, 0, 0, 0, 0, 0, 0, 0, 0, 0}, 
  {0, 0, 0, 0, 0, 0, 0, 0, 0, 0, 0, 0, 0, 0, 0}, 
  {0, 0, 0, 0, 0, 0, 0, 0, 0, 0, 0, 0, 0, 0, 0}, 
  {0, 0, 0, 0, 0, 0, 0, 0, 0, 0, 0, 0, 0, 0, 0}
}, 
  {  {0, 0, 0, 0, 0, 0, 0, 0, 0, 0, 0, 0, 0, 0, 0}, 
  {0, 0, 0, 0, 0, 0, 0, 0, 0, 0, 0, 0, 0, 0, 0}, 
  {0, 0, 0, 0, 0, 0, 0, 0, 0, 0, 0, 0, 0, 0, 0}, 
  {0, 0, 0, 0, 0, 0, 0, 0, 0, 0, 0, 0, 0, 0, 0}, 
  {0, 0, 0, 0, 0, 0, 0, 0, 0, 0, 0, 0, 0, 0, 0}, 
  {0, 0, 0, 0, 0, 0, 0, 0, 0, 0, 0, 0, 0, 0, 0}, 
  {0, 0, 0, 0, 0, 0, 0, 0, 0, 0, 0, 0, 0, 0, 0}, 
  {0, 0, 0, 0, 0, 0, 0, 0, 0, 0, 0, 0, 0, 0, 0}, 
  {0, 0, 0, 0, 0, 0, 0, 0, 0, 0, 0, 0, 0, 0, 0}, 
  {0, 0, 0, 0, 0, 0, 0, 0, 0, 0, 0, 0, 0, 0, 0}
}, 
  {  {0, 0, 0, 0, 0, 0, 0, 0, 0, 0, 0, 0, 0, 0, 0}, 
  {0, 0, 0, 0, 0, 0, 0, 0, 0, 0, 0, 0, 0, 0, 0}, 
  {0, 0, 0, 0, 0, 0, 0, 0, 0, 0, 0, 0, 0, 0, 0}, 
  {0, 0, 0, 0, 0, 0, 0, 0, 0, 0, 0, 0, 0, 0, 0}, 
  {0, 0, 0, 0, 0, 0, 0, 0, 0, 0, 0, 0, 0, 0, 0}, 
  {0, 0, 0, 0, 0, 0, 0, 0, 0, 0, 0, 0, 0, 0, 0}, 
  {0, 0, 0, 0, 0, 0, 0, 0, 0, 0, 0, 0, 0, 0, 0}, 
  {0, 0, 0, 0, 0, 0, 0, 0, 0, 0, 0, 0, 0, 0, 0}, 
  {0, 0, 0, 0, 0, 0, 0, 0, 0, 0, 0, 0, 0, 0, 0}, 
  {0, 0, 0, 0, 0, 0, 0, 0, 0, 0, 0, 0, 0, 0, 0}
}, 
  {  {0, 0, 0, 0, 0, 0, 0, 0, 0, 0, 0, 0, 0, 0, 0}, 
  {0, 0, 0, 0, 0, 0, 0, 0, 0, 0, 0, 0, 0, 0, 0}, 
  {0, 0, 0, 0, 0, 0, 0, 0, 0, 0, 0, 0, 0, 0, 0}, 
  {0, 0, 0, 0, 0, 0, 0, 0, 0, 0, 0, 0, 0, 0, 0}, 
  {0, 0, 0, 0, 0, 0, 0, 0, 0, 0, 0, 0, 0, 0, 0}, 
  {0, 0, 0, 0, 0, 0, 0, 0, 0, 0, 0, 0, 0, 0, 0}, 
  {0, 0, 0, 0, 0, 0, 0, 0, 0, 0, 0, 0, 0, 0, 0}, 
  {0, 0, 0, 0, 0, 0, 0, 0, 0, 0, 0, 0, 0, 0, 0}, 
  {0, 0, 0, 0, 0, 0, 0, 0, 0, 0, 0, 0, 0, 0, 0}, 
  {0, 0, 0, 0, 0, 0, 0, 0, 0, 0, 0, 0, 0, 0, 0}
}, 
  {  {0, 0, 0, 0, 0, 0, 0, 0, 0, 0, 0, 0, 0, 0, 0}, 
  {0, 0, 0, 0, 0, 0, 0, 0, 0, 0, 0, 0, 0, 0, 0}, 
  {0, 0, 0, 0, 0, 0, 0, 0, 0, 0, 0, 0, 0, 0, 0}, 
  {0, 0, 0, 0, 0, 0, 0, 0, 0, 0, 0, 0, 0, 0, 0}, 
  {0, 0, 0, 0, 0, 0, 0, 0, 0, 0, 0, 0, 0, 0, 0}, 
  {0, 0, 0, 0, 0, 0, 0, 0, 0, 0, 0, 0, 0, 0, 0}, 
  {0, 0, 0, 0, 0, 0, 0, 0, 0, 0, 0, 0, 0, 0, 0}, 
  {0, 0, 0, 0, 0, 0, 0, 0, 0, 0, 0, 0, 0, 0, 0}, 
  {0, 0, 0, 0, 0, 0, 0, 0, 0, 0, 0, 0, 0, 0, 0}, 
  {0, 0, 0, 0, 0, 0, 0, 0, 0, 0, 0, 0, 0, 0, 0}
}, 
  {  {0, 0, 0, 0, 0, 0, 0, 0, 0, 0, 0, 0, 0, 0, 0}, 
  {0, 0, 0, 0, 0, 0, 0, 0, 0, 0, 0, 0, 0, 0, 0}, 
  {0, 0, 0, 0, 0, 0, 0, 0, 0, 0, 0, 0, 0, 0, 0}, 
  {0, 0, 0, 0, 0, 0, 0, 0, 0, 0, 0, 0, 0, 0, 0}, 
  {0, 0, 0, 0, 0, 0, 0, 0, 0, 0, 0, 0, 0, 0, 0}, 
  {0, 0, 0, 0, 0, 0, 0, 0, 0, 0, 0, 0, 0, 0, 0}, 
  {0, 0, 0, 0, 0, 0, 0, 0, 0, 0, 0, 0, 0, 0, 0}, 
  {0, 0, 0, 0, 0, 0, 0, 0, 0, 0, 0, 0, 0, 0, 0}, 
  {0, 0, 0, 0, 0, 0, 0, 0, 0, 0, 0, 0, 0, 0, 0}, 
  {0, 0, 0, 0, 0, 0, 0, 0, 0, 0, 0, 0, 0, 10, 204}
}, 
  {  {0, 0, 0, 0, 0, 0, 0, 0, 0, 0, 0, 0, 0, 0, 0}, 
  {0, 0, 0, 0, 0, 0, 0, 0, 0, 0, 0, 0, 0, 0, 0}, 
  {0, 0, 0, 0, 0, 0, 0, 0, 0, 0, 0, 0, 0, 0, 0}, 
  {0, 0, 0, 0, 0, 0, 0, 0, 0, 0, 0, 0, 0, 0, 0}, 
  {0, 0, 0, 0, 0, 0, 0, 0, 0, 0, 0, 0, 0, 0, 0}, 
  {0, 0, 0, 0, 0, 0, 0, 0, 0, 0, 0, 0, 0, 0, 0}, 
  {0, 0, 0, 0, 0, 0, 0, 0, 0, 0, 0, 0, 0, 0, 0}, 
  {0, 0, 0, 0, 0, 0, 0, 0, 0, 0, 0, 0, 0, 0, 0}, 
  {0, 0, 0, 0, 0, 0, 0, 0, 0, 0, 0, 0, 10, 204, 10}, 
  {0, 0, 0, 0, 0, 0, 0, 0, 0, 0, 0, 10, 10, 10, 10}
}, 
  {  {0, 0, 0, 0, 0, 0, 0, 0, 0, 0, 0, 0, 0, 0, 0}, 
  {0, 0, 0, 0, 0, 0, 0, 0, 0, 0, 0, 0, 0, 0, 0}, 
  {0, 0, 0, 0, 0, 0, 0, 0, 0, 0, 0, 0, 0, 0, 0}, 
  {0, 0, 0, 0, 0, 0, 0, 0, 0, 0, 0, 0, 0, 0, 0}, 
  {0, 0, 0, 0, 0, 0, 0, 0, 0, 0, 0, 0, 0, 0, 0}, 
  {0, 0, 0, 0, 0, 0, 0, 0, 0, 0, 0, 0, 0, 0, 0}, 
  {0, 0, 0, 0, 0, 0, 0, 0, 0, 0, 0, 0, 0, 0, 0}, 
  {0, 0, 0, 0, 0, 0, 0, 0, 0, 0, 0, 10, 204, 10, 0}, 
  {0, 0, 0, 0, 0, 0, 0, 0, 0, 10, 10, 10, 10, 10, 10}, 
  {0, 0, 0, 0, 0, 0, 0, 0, 0, 0, 204, 204, 204, 204, 204}
}, 
  {  {0, 0, 0, 0, 0, 0, 0, 0, 0, 0, 0, 0, 0, 0, 0}, 
  {0, 0, 0, 0, 0, 0, 0, 0, 0, 0, 0, 0, 0, 0, 0}, 
  {0, 0, 0, 0, 0, 0, 0, 0, 0, 0, 0, 0, 0, 0, 0}, 
  {0, 0, 0, 0, 0, 0, 0, 0, 0, 0, 0, 0, 0, 0, 0}, 
  {0, 0, 0, 0, 0, 0, 0, 0, 0, 0, 0, 0, 0, 0, 0}, 
  {0, 0, 0, 0, 0, 0, 0, 0, 0, 0, 0, 0, 0, 0, 0}, 
  {0, 0, 0, 0, 0, 0, 0, 0, 0, 0, 10, 200, 10, 0, 0}, 
  {0, 0, 0, 0, 0, 0, 0, 0, 200, 10, 0, 10, 200, 10, 10}, 
  {0, 0, 0, 0, 0, 0, 0, 0, 0, 200, 200, 200, 200, 200, 10}, 
  {0, 0, 0, 0, 0, 0, 0, 0, 10, 10, 10, 10, 10, 10, 10}
}, 
  {  {0, 0, 0, 0, 0, 0, 0, 0, 0, 0, 0, 0, 0, 0, 0}, 
  {0, 0, 0, 0, 0, 0, 0, 0, 0, 0, 0, 0, 0, 0, 0}, 
  {0, 0, 0, 0, 0, 0, 0, 0, 0, 0, 0, 0, 0, 0, 0}, 
  {0, 0, 0, 0, 0, 0, 0, 0, 0, 0, 0, 0, 0, 0, 0}, 
  {0, 0, 0, 0, 0, 0, 0, 0, 0, 0, 0, 0, 0, 0, 0}, 
  {0, 0, 0, 0, 0, 0, 0, 0, 0, 10, 200, 10, 0, 0, 0}, 
  {0, 0, 0, 0, 0, 0, 0, 0, 200, 200, 200, 200, 200, 0, 0}, 
  {0, 0, 0, 0, 0, 0, 0, 200, 10, 28, 10, 200, 200, 200, 0}, 
  {0, 0, 0, 0, 0, 0, 0, 200, 10, 10, 10, 199, 10, 10, 0}, 
  {0, 0, 0, 0, 0, 0, 0, 148, 224, 200, 200, 200, 200, 200, 0}
}, 
  {  {0, 0, 0, 0, 0, 0, 0, 0, 0, 0, 0, 0, 0, 0, 0}, 
  {0, 0, 0, 0, 0, 0, 0, 0, 0, 0, 0, 0, 0, 0, 0}, 
  {0, 0, 0, 0, 0, 0, 0, 0, 0, 0, 0, 0, 0, 0, 0}, 
  {0, 0, 0, 0, 0, 0, 0, 0, 0, 0, 0, 0, 0, 0, 0}, 
  {0, 0, 0, 0, 0, 0, 0, 0, 10, 204, 10, 0, 0, 0, 0}, 
  {0, 0, 0, 0, 0, 0, 0, 204, 204, 204, 204, 204, 0, 0, 0}, 
  {0, 0, 0, 0, 0, 0, 204, 10, 20, 10, 204, 204, 204, 0, 0}, 
  {0, 0, 0, 0, 0, 0, 204, 10, 10, 10, 204, 10, 10, 0, 0}, 
  {0, 0, 0, 0, 0, 0, 146, 234, 204, 204, 203, 204, 204, 0, 0}, 
  {0, 0, 0, 0, 0, 226, 226, 226, 226, 20, 20, 20, 226, 226, 0}
}, 
  {  {0, 0, 0, 0, 0, 0, 0, 0, 0, 0, 0, 0, 0, 0, 0}, 
  {0, 0, 0, 0, 0, 0, 0, 0, 0, 0, 0, 0, 0, 0, 0}, 
  {0, 0, 0, 0, 0, 0, 0, 0, 0, 0, 0, 0, 0, 0, 0}, 
  {0, 0, 0, 0, 0, 0, 0, 10, 200, 10, 0, 0, 0, 0, 0}, 
  {0, 0, 0, 0, 0, 0, 200, 200, 200, 200, 200, 0, 0, 0, 0}, 
  {0, 0, 0, 0, 0, 200, 10, 12, 10, 204, 200, 200, 0, 0, 0}, 
  {0, 0, 0, 0, 0, 200, 10, 10, 10, 200, 10, 10, 0, 0, 0}, 
  {0, 0, 0, 0, 0, 146, 244, 200, 200, 200, 200, 200, 0, 0, 0}, 
  {0, 0, 0, 0, 226, 226, 226, 226, 12, 12, 12, 226, 226, 0, 0}, 
  {0, 0, 0, 0, 226, 10, 226, 146, 226, 10, 226, 226, 226, 0, 0}
}, 
  {  {0, 0, 0, 0, 0, 0, 0, 0, 0, 0, 0, 0, 0, 0, 0}, 
  {0, 0, 0, 0, 0, 0, 0, 0, 0, 0, 0, 0, 0, 0, 0}, 
  {0, 0, 0, 0, 0, 0, 10, 196, 10, 0, 0, 0, 0, 0, 0}, 
  {0, 0, 0, 0, 0, 204, 204, 204, 204, 204, 0, 0, 0, 0, 0}, 
  {0, 0, 0, 0, 196, 10, 5, 10, 204, 204, 204, 0, 0, 0, 0}, 
  {0, 0, 0, 0, 196, 10, 10, 10, 196, 10, 10, 0, 0, 0, 0}, 
  {0, 0, 0, 0, 146, 253, 204, 204, 204, 204, 204, 0, 0, 0, 0}, 
  {0, 0, 0, 235, 235, 235, 226, 5, 5, 14, 235, 235, 0, 0, 0}, 
  {0, 0, 0, 226, 10, 231, 146, 226, 10, 235, 235, 235, 0, 0, 0}, 
  {0, 0, 0, 226, 10, 231, 146, 226, 10, 235, 235, 235, 0, 0, 0}
}, 
  {  {0, 0, 0, 0, 0, 0, 0, 0, 0, 0, 0, 0, 0, 0, 0}, 
  {0, 0, 0, 0, 0, 0, 0, 0, 0, 0, 0, 0, 0, 0, 0}, 
  {0, 0, 0, 0, 0, 0, 10, 196, 10, 0, 0, 0, 0, 0, 0}, 
  {0, 0, 0, 0, 0, 196, 196, 196, 196, 196, 0, 0, 0, 0, 0}, 
  {0, 0, 0, 0, 204, 204, 204, 204, 206, 250, 146, 0, 0, 0, 0}, 
  {0, 0, 0, 0, 196, 196, 196, 10, 5, 10, 196, 0, 0, 0, 0}, 
  {0, 0, 0, 0, 10, 10, 10, 10, 10, 10, 10, 0, 0, 0, 0}, 
  {0, 0, 0, 235, 235, 235, 226, 5, 5, 14, 235, 235, 0, 0, 0}, 
  {0, 0, 0, 226, 10, 231, 146, 226, 10, 235, 235, 235, 0, 0, 0}, 
  {0, 0, 0, 226, 10, 231, 146, 226, 10, 235, 235, 235, 0, 0, 0}
}, 
  {  {0, 0, 0, 0, 0, 0, 0, 0, 0, 0, 0, 0, 0, 0, 0}, 
  {0, 0, 0, 0, 0, 0, 0, 0, 0, 0, 0, 0, 0, 0, 0}, 
  {0, 0, 0, 0, 0, 0, 10, 196, 2, 0, 0, 0, 0, 0, 0}, 
  {0, 0, 0, 0, 0, 204, 204, 204, 204, 204, 0, 0, 0, 0, 0}, 
  {0, 0, 0, 0, 204, 204, 204, 2, 206, 250, 204, 0, 0, 0, 0}, 
  {0, 0, 0, 0, 2, 196, 196, 2, 2, 10, 204, 0, 0, 0, 0}, 
  {0, 0, 0, 0, 10, 10, 10, 10, 10, 10, 138, 0, 0, 0, 0}, 
  {0, 0, 0, 235, 235, 235, 226, 5, 5, 14, 235, 235, 0, 0, 0}, 
  {0, 0, 0, 226, 11, 231, 142, 226, 11, 235, 235, 235, 0, 0, 0}, 
  {0, 0, 0, 226, 11, 231, 142, 226, 11, 235, 235, 235, 0, 0, 0}
}, 
  {  {0, 0, 0, 0, 0, 0, 0, 0, 0, 0, 0, 0, 0, 0, 0}, 
  {0, 0, 0, 0, 0, 0, 0, 0, 0, 0, 0, 0, 0, 0, 0}, 
  {0, 0, 0, 0, 0, 0, 10, 196, 2, 0, 0, 0, 0, 0, 0}, 
  {0, 0, 0, 0, 0, 204, 204, 204, 204, 204, 0, 0, 0, 0, 0}, 
  {0, 0, 0, 0, 204, 204, 204, 2, 206, 250, 204, 0, 0, 0, 0}, 
  {0, 0, 0, 0, 2, 196, 196, 2, 2, 10, 204, 0, 0, 0, 0}, 
  {0, 0, 0, 0, 10, 10, 10, 10, 10, 10, 138, 0, 0, 0, 0}, 
  {0, 0, 0, 235, 235, 235, 226, 5, 5, 14, 235, 235, 0, 0, 0}, 
  {0, 0, 0, 226, 11, 231, 142, 226, 11, 235, 235, 235, 0, 0, 0}, 
  {0, 0, 0, 226, 11, 231, 142, 226, 11, 235, 235, 235, 0, 0, 0}
}, 
  {  {0, 0, 0, 0, 0, 0, 0, 0, 0, 0, 0, 0, 0, 0, 0}, 
  {0, 0, 0, 0, 0, 0, 0, 0, 0, 0, 0, 0, 0, 0, 0}, 
  {0, 0, 0, 0, 0, 0, 10, 196, 2, 0, 0, 0, 0, 0, 0}, 
  {0, 0, 0, 0, 0, 204, 204, 204, 204, 204, 0, 0, 0, 0, 0}, 
  {0, 0, 0, 0, 204, 204, 204, 2, 206, 250, 204, 0, 0, 0, 0}, 
  {0, 0, 0, 0, 2, 196, 196, 2, 2, 10, 204, 0, 0, 0, 0}, 
  {0, 0, 0, 0, 10, 10, 10, 10, 10, 10, 138, 0, 0, 0, 0}, 
  {0, 0, 0, 235, 235, 235, 226, 5, 5, 14, 235, 235, 0, 0, 0}, 
  {0, 0, 0, 226, 11, 231, 142, 226, 11, 235, 235, 235, 0, 0, 0}, 
  {0, 0, 0, 226, 11, 231, 142, 226, 11, 235, 235, 235, 0, 0, 0}
}, 
  {  {0, 0, 0, 0, 0, 0, 0, 0, 0, 0, 0, 0, 0, 0, 0}, 
  {0, 0, 0, 0, 0, 0, 0, 0, 0, 0, 0, 0, 0, 0, 0}, 
  {0, 0, 0, 0, 0, 0, 10, 196, 2, 0, 0, 0, 0, 0, 0}, 
  {0, 0, 0, 0, 0, 204, 204, 204, 204, 204, 0, 0, 0, 0, 0}, 
  {0, 0, 0, 0, 204, 204, 204, 2, 206, 250, 204, 0, 0, 0, 0}, 
  {0, 0, 0, 0, 2, 196, 196, 2, 2, 10, 204, 0, 0, 0, 0}, 
  {0, 0, 0, 0, 10, 10, 10, 10, 10, 10, 138, 0, 0, 0, 0}, 
  {0, 0, 0, 235, 235, 235, 226, 5, 5, 14, 235, 235, 0, 0, 0}, 
  {0, 0, 0, 226, 11, 231, 142, 226, 11, 235, 235, 235, 0, 0, 0}, 
  {0, 0, 0, 226, 11, 231, 142, 226, 11, 235, 235, 235, 0, 0, 0}
}, 
  {  {0, 0, 0, 0, 0, 0, 0, 0, 0, 0, 0, 0, 0, 0, 0}, 
  {0, 0, 0, 0, 0, 0, 0, 0, 0, 0, 0, 0, 0, 0, 0}, 
  {0, 0, 0, 0, 0, 0, 10, 196, 2, 0, 0, 0, 0, 0, 0}, 
  {0, 0, 0, 0, 0, 204, 204, 204, 204, 204, 0, 0, 0, 0, 0}, 
  {0, 0, 0, 0, 196, 2, 5, 10, 204, 204, 204, 0, 0, 0, 0}, 
  {0, 0, 0, 0, 10, 10, 10, 10, 10, 10, 10, 0, 0, 0, 0}, 
  {0, 0, 0, 0, 196, 2, 2, 10, 196, 2, 2, 0, 0, 0, 0}, 
  {0, 0, 0, 235, 235, 235, 226, 5, 5, 14, 235, 235, 0, 0, 0}, 
  {0, 0, 0, 226, 11, 231, 142, 226, 11, 235, 235, 235, 0, 0, 0}, 
  {0, 0, 0, 226, 11, 231, 142, 226, 11, 235, 235, 235, 0, 0, 0}
}, 
  {  {0, 0, 0, 0, 0, 0, 0, 0, 0, 0, 0, 0, 0, 0, 0}, 
  {0, 0, 0, 0, 0, 0, 0, 0, 0, 0, 0, 0, 0, 0, 0}, 
  {0, 0, 0, 0, 0, 0, 10, 196, 2, 0, 0, 0, 0, 0, 0}, 
  {0, 0, 0, 0, 0, 204, 204, 204, 204, 204, 0, 0, 0, 0, 0}, 
  {0, 0, 0, 0, 196, 2, 5, 10, 204, 204, 204, 0, 0, 0, 0}, 
  {0, 0, 0, 0, 10, 10, 10, 10, 10, 10, 10, 0, 0, 0, 0}, 
  {0, 0, 0, 0, 196, 2, 2, 10, 196, 2, 2, 0, 0, 0, 0}, 
  {0, 0, 0, 235, 235, 235, 226, 5, 5, 14, 235, 235, 0, 0, 0}, 
  {0, 0, 0, 226, 11, 231, 142, 226, 11, 235, 235, 235, 0, 0, 0}, 
  {0, 0, 0, 226, 11, 231, 142, 226, 11, 235, 235, 235, 0, 0, 0}
}, 
  {  {0, 0, 0, 0, 0, 0, 0, 0, 0, 0, 0, 0, 0, 0, 0}, 
  {0, 0, 0, 0, 0, 0, 0, 0, 0, 0, 0, 0, 0, 0, 0}, 
  {0, 0, 0, 0, 0, 0, 10, 196, 2, 0, 0, 0, 0, 0, 0}, 
  {0, 0, 0, 0, 0, 204, 204, 204, 204, 204, 0, 0, 0, 0, 0}, 
  {0, 0, 0, 0, 196, 2, 5, 10, 204, 204, 204, 0, 0, 0, 0}, 
  {0, 0, 0, 0, 10, 10, 10, 10, 10, 10, 10, 0, 0, 0, 0}, 
  {0, 0, 0, 0, 196, 2, 2, 10, 196, 2, 2, 0, 0, 0, 0}, 
  {0, 0, 0, 235, 235, 235, 226, 5, 5, 14, 235, 235, 0, 0, 0}, 
  {0, 0, 0, 226, 11, 231, 142, 226, 11, 235, 235, 235, 0, 0, 0}, 
  {0, 0, 0, 226, 11, 231, 142, 226, 11, 235, 235, 235, 0, 0, 0}
}, 
  {  {0, 0, 0, 0, 0, 0, 0, 0, 0, 0, 0, 0, 0, 0, 0}, 
  {0, 0, 0, 0, 0, 0, 0, 0, 0, 0, 0, 0, 0, 0, 0}, 
  {0, 0, 0, 0, 0, 0, 10, 196, 2, 0, 0, 0, 0, 0, 0}, 
  {0, 0, 0, 0, 0, 204, 204, 204, 204, 204, 0, 0, 0, 0, 0}, 
  {0, 0, 0, 0, 196, 2, 5, 10, 204, 204, 204, 0, 0, 0, 0}, 
  {0, 0, 0, 0, 10, 10, 10, 10, 10, 10, 10, 0, 0, 0, 0}, 
  {0, 0, 0, 0, 196, 2, 2, 10, 196, 2, 2, 0, 0, 0, 0}, 
  {0, 0, 0, 235, 235, 235, 226, 5, 5, 14, 235, 235, 0, 0, 0}, 
  {0, 0, 0, 226, 11, 231, 142, 226, 11, 235, 235, 235, 0, 0, 0}, 
  {0, 0, 0, 226, 11, 231, 142, 226, 11, 235, 235, 235, 0, 0, 0}
}, 
  {  {0, 0, 0, 0, 0, 0, 0, 0, 0, 0, 0, 0, 0, 0, 0}, 
  {0, 0, 0, 0, 0, 0, 0, 0, 0, 0, 0, 0, 0, 0, 0}, 
  {0, 0, 0, 0, 0, 0, 10, 196, 2, 0, 0, 0, 0, 0, 0}, 
  {0, 0, 0, 0, 0, 204, 204, 204, 204, 204, 0, 0, 0, 0, 0}, 
  {0, 0, 0, 0, 196, 2, 5, 10, 204, 204, 204, 0, 0, 0, 0}, 
  {0, 0, 0, 0, 10, 10, 10, 10, 10, 10, 10, 0, 0, 0, 0}, 
  {0, 0, 0, 0, 196, 2, 2, 10, 196, 2, 2, 0, 0, 0, 0}, 
  {0, 0, 0, 235, 235, 235, 226, 5, 5, 14, 235, 235, 0, 0, 0}, 
  {0, 0, 0, 226, 11, 231, 142, 226, 11, 235, 235, 235, 0, 0, 0}, 
  {0, 0, 0, 226, 11, 231, 142, 226, 11, 235, 235, 235, 0, 0, 0}
}, 
  {  {0, 0, 0, 0, 0, 0, 0, 0, 0, 0, 0, 0, 0, 0, 0}, 
  {0, 0, 0, 0, 0, 0, 0, 0, 0, 0, 0, 0, 0, 0, 0}, 
  {0, 0, 0, 0, 0, 0, 0, 0, 0, 0, 0, 0, 0, 0, 0}, 
  {0, 0, 0, 0, 0, 2, 203, 3, 0, 0, 0, 0, 0, 0, 0}, 
  {0, 0, 0, 0, 204, 204, 204, 204, 204, 0, 0, 0, 0, 0, 0}, 
  {0, 0, 0, 204, 3, 5, 2, 203, 204, 204, 0, 0, 0, 0, 0}, 
  {0, 0, 0, 204, 3, 2, 2, 203, 3, 2, 0, 0, 0, 0, 0}, 
  {0, 0, 0, 138, 255, 204, 204, 204, 204, 204, 0, 0, 0, 0, 0}, 
  {0, 0, 235, 235, 235, 235, 6, 5, 5, 234, 235, 0, 0, 0, 0}, 
  {0, 0, 235, 3, 234, 138, 235, 3, 234, 235, 235, 0, 0, 0, 0}
}, 
  {  {0, 0, 0, 0, 0, 0, 0, 0, 0, 0, 0, 0, 0, 0, 0}, 
  {0, 0, 0, 0, 0, 0, 0, 0, 0, 0, 0, 0, 0, 0, 0}, 
  {0, 0, 0, 0, 0, 0, 0, 0, 0, 0, 0, 0, 0, 0, 0}, 
  {0, 0, 0, 0, 0, 0, 0, 0, 0, 0, 0, 0, 0, 0, 0}, 
  {0, 0, 0, 0, 2, 195, 11, 0, 0, 0, 0, 0, 0, 0, 0}, 
  {0, 0, 0, 204, 204, 204, 204, 204, 0, 0, 0, 0, 0, 0, 0}, 
  {0, 0, 204, 11, 5, 2, 195, 204, 204, 0, 0, 0, 0, 0, 0}, 
  {0, 0, 204, 11, 2, 2, 195, 11, 2, 0, 0, 0, 0, 0, 0}, 
  {0, 0, 138, 250, 206, 204, 204, 204, 204, 0, 0, 0, 0, 0, 0}, 
  {0, 235, 235, 235, 235, 15, 5, 5, 225, 235, 0, 0, 0, 0, 0}
}, 
  {  {0, 0, 0, 0, 0, 0, 0, 0, 0, 0, 0, 0, 0, 0, 0}, 
  {0, 0, 0, 0, 0, 0, 0, 0, 0, 0, 0, 0, 0, 0, 0}, 
  {0, 0, 0, 0, 0, 0, 0, 0, 0, 0, 0, 0, 0, 0, 0}, 
  {0, 0, 0, 0, 0, 0, 0, 0, 0, 0, 0, 0, 0, 0, 0}, 
  {0, 0, 0, 0, 0, 0, 0, 0, 0, 0, 0, 0, 0, 0, 0}, 
  {0, 0, 0, 2, 187, 19, 0, 0, 0, 0, 0, 0, 0, 0, 0}, 
  {0, 0, 204, 204, 204, 204, 204, 0, 0, 0, 0, 0, 0, 0, 0}, 
  {0, 204, 19, 5, 2, 187, 204, 204, 0, 0, 0, 0, 0, 0, 0}, 
  {0, 204, 19, 2, 2, 187, 19, 2, 0, 0, 0, 0, 0, 0, 0}, 
  {0, 138, 245, 208, 204, 204, 204, 204, 0, 0, 0, 0, 0, 0, 0}
}, 
  {  {0, 0, 0, 0, 0, 0, 0, 0, 0, 0, 0, 0, 0, 0, 0}, 
  {0, 0, 0, 0, 0, 0, 0, 0, 0, 0, 0, 0, 0, 0, 0}, 
  {0, 0, 0, 0, 0, 0, 0, 0, 0, 0, 0, 0, 0, 0, 0}, 
  {0, 0, 0, 0, 0, 0, 0, 0, 0, 0, 0, 0, 0, 0, 0}, 
  {0, 0, 0, 0, 0, 0, 0, 0, 0, 0, 0, 0, 0, 0, 0}, 
  {0, 0, 0, 0, 0, 0, 0, 0, 0, 0, 0, 0, 0, 0, 0}, 
  {0, 0, 2, 179, 27, 0, 0, 0, 0, 0, 0, 0, 0, 0, 0}, 
  {0, 204, 204, 204, 204, 204, 0, 0, 0, 0, 0, 0, 0, 0, 0}, 
  {204, 28, 5, 3, 179, 204, 204, 0, 0, 0, 0, 0, 0, 0, 0}, 
  {204, 27, 2, 2, 179, 28, 2, 0, 0, 0, 0, 0, 0, 0, 0}
}, 
  {  {0, 0, 0, 0, 0, 0, 0, 0, 0, 0, 0, 0, 0, 0, 0}, 
  {0, 0, 0, 0, 0, 0, 0, 0, 0, 0, 0, 0, 0, 0, 0}, 
  {0, 0, 0, 0, 0, 0, 0, 0, 0, 0, 0, 0, 0, 0, 0}, 
  {0, 0, 0, 0, 0, 0, 0, 0, 0, 0, 0, 0, 0, 0, 0}, 
  {0, 0, 0, 0, 0, 0, 0, 0, 0, 0, 0, 0, 0, 0, 0}, 
  {0, 0, 0, 0, 0, 0, 0, 0, 0, 0, 0, 0, 0, 0, 0}, 
  {0, 0, 0, 0, 0, 0, 0, 0, 0, 0, 0, 0, 0, 0, 0}, 
  {0, 2, 170, 36, 0, 0, 0, 0, 0, 0, 0, 0, 0, 0, 0}, 
  {204, 204, 204, 204, 204, 0, 0, 0, 0, 0, 0, 0, 0, 0, 0}, 
  {36, 5, 3, 171, 204, 204, 0, 0, 0, 0, 0, 0, 0, 0, 0}
}, 
  {  {0, 0, 0, 0, 0, 0, 0, 0, 0, 0, 0, 0, 0, 0, 0}, 
  {0, 0, 0, 0, 0, 0, 0, 0, 0, 0, 0, 0, 0, 0, 0}, 
  {0, 0, 0, 0, 0, 0, 0, 0, 0, 0, 0, 0, 0, 0, 0}, 
  {0, 0, 0, 0, 0, 0, 0, 0, 0, 0, 0, 0, 0, 0, 0}, 
  {0, 0, 0, 0, 0, 0, 0, 0, 0, 0, 0, 0, 0, 0, 0}, 
  {0, 0, 0, 0, 0, 0, 0, 0, 0, 0, 0, 0, 0, 0, 0}, 
  {0, 0, 0, 0, 0, 0, 0, 0, 0, 0, 0, 0, 0, 0, 0}, 
  {0, 0, 0, 0, 0, 0, 0, 0, 0, 0, 0, 0, 0, 0, 0}, 
  {3, 162, 44, 0, 0, 0, 0, 0, 0, 0, 0, 0, 0, 0, 0}, 
  {204, 204, 204, 204, 0, 0, 0, 0, 0, 0, 0, 0, 0, 0, 0}
}, 
  {  {0, 0, 0, 0, 0, 0, 0, 0, 0, 0, 0, 0, 0, 0, 0}, 
  {0, 0, 0, 0, 0, 0, 0, 0, 0, 0, 0, 0, 0, 0, 0}, 
  {0, 0, 0, 0, 0, 0, 0, 0, 0, 0, 0, 0, 0, 0, 0}, 
  {0, 0, 0, 0, 0, 0, 0, 0, 0, 0, 0, 0, 0, 0, 0}, 
  {0, 0, 0, 0, 0, 0, 0, 0, 0, 0, 0, 0, 0, 0, 0}, 
  {0, 0, 0, 0, 0, 0, 0, 0, 0, 0, 0, 0, 0, 0, 0}, 
  {0, 0, 0, 0, 0, 0, 0, 0, 0, 0, 0, 0, 0, 0, 0}, 
  {0, 0, 0, 0, 0, 0, 0, 0, 0, 0, 0, 0, 0, 0, 0}, 
  {0, 0, 0, 0, 0, 0, 0, 0, 0, 0, 0, 0, 0, 0, 0}, 
  {153, 53, 0, 0, 0, 0, 0, 0, 0, 0, 0, 0, 0, 0, 0}
}, 
  {  {0, 0, 0, 0, 0, 0, 0, 0, 0, 0, 0, 0, 0, 0, 0}, 
  {0, 0, 0, 0, 0, 0, 0, 0, 0, 0, 0, 0, 0, 0, 0}, 
  {0, 0, 0, 0, 0, 0, 0, 0, 0, 0, 0, 0, 0, 0, 0}, 
  {0, 0, 0, 0, 0, 0, 0, 0, 0, 0, 0, 0, 0, 0, 0}, 
  {0, 0, 0, 0, 0, 0, 0, 0, 0, 0, 0, 0, 0, 0, 0}, 
  {0, 0, 0, 0, 0, 0, 0, 0, 0, 0, 0, 0, 0, 0, 0}, 
  {0, 0, 0, 0, 0, 0, 0, 0, 0, 0, 0, 0, 0, 0, 0}, 
  {0, 0, 0, 0, 0, 0, 0, 0, 0, 0, 0, 0, 0, 0, 0}, 
  {0, 0, 0, 0, 0, 0, 0, 0, 0, 0, 0, 0, 0, 0, 0}, 
  {0, 0, 0, 0, 0, 0, 0, 0, 0, 0, 0, 0, 0, 0, 0}
}, 
  {  {0, 0, 0, 0, 0, 0, 0, 0, 0, 0, 0, 0, 0, 0, 0}, 
  {0, 0, 0, 0, 0, 0, 0, 0, 0, 0, 0, 0, 0, 0, 0}, 
  {0, 0, 0, 0, 0, 0, 0, 0, 0, 0, 0, 0, 0, 0, 0}, 
  {0, 0, 0, 0, 0, 0, 0, 0, 0, 0, 0, 0, 0, 0, 0}, 
  {0, 0, 0, 0, 0, 0, 0, 0, 0, 0, 0, 0, 0, 0, 0}, 
  {0, 0, 0, 0, 0, 0, 0, 0, 0, 0, 0, 0, 0, 0, 0}, 
  {0, 0, 0, 0, 0, 0, 0, 0, 0, 0, 0, 0, 0, 0, 0}, 
  {0, 0, 0, 0, 0, 0, 0, 0, 0, 0, 0, 0, 0, 0, 0}, 
  {0, 0, 0, 0, 0, 0, 0, 0, 0, 0, 0, 0, 0, 0, 0}, 
  {0, 0, 0, 0, 0, 0, 0, 0, 0, 0, 0, 0, 0, 0, 0}
}, 
  {  {0, 0, 0, 0, 0, 0, 0, 0, 0, 0, 0, 0, 0, 0, 0}, 
  {0, 0, 0, 0, 0, 0, 0, 0, 0, 0, 0, 0, 0, 0, 0}, 
  {0, 0, 0, 0, 0, 0, 0, 0, 0, 0, 0, 0, 0, 0, 0}, 
  {0, 0, 0, 0, 0, 0, 0, 0, 0, 0, 0, 0, 0, 0, 0}, 
  {0, 0, 0, 0, 0, 0, 0, 0, 0, 0, 0, 0, 0, 0, 0}, 
  {0, 0, 0, 0, 0, 0, 0, 0, 0, 0, 0, 0, 0, 0, 0}, 
  {0, 0, 0, 0, 0, 0, 0, 0, 0, 0, 0, 0, 0, 0, 0}, 
  {0, 0, 0, 0, 0, 0, 0, 0, 0, 0, 0, 0, 0, 0, 0}, 
  {0, 0, 0, 0, 0, 0, 0, 0, 0, 0, 0, 0, 0, 0, 0}, 
  {0, 0, 0, 0, 0, 0, 0, 0, 0, 0, 0, 0, 0, 0, 0}
}, 
  {  {0, 0, 0, 0, 0, 0, 0, 0, 0, 0, 0, 0, 0, 0, 0}, 
  {0, 0, 0, 0, 0, 0, 0, 0, 0, 0, 0, 0, 0, 0, 0}, 
  {0, 0, 0, 0, 0, 0, 0, 0, 0, 0, 0, 0, 0, 0, 0}, 
  {0, 0, 0, 0, 0, 0, 0, 0, 0, 0, 0, 0, 0, 0, 0}, 
  {0, 0, 0, 0, 0, 0, 0, 0, 0, 0, 0, 0, 0, 0, 0}, 
  {0, 0, 0, 0, 0, 0, 0, 0, 0, 0, 0, 0, 0, 0, 0}, 
  {0, 0, 0, 0, 0, 0, 0, 0, 0, 0, 0, 0, 0, 0, 0}, 
  {0, 0, 0, 0, 0, 0, 0, 0, 0, 0, 0, 0, 0, 0, 0}, 
  {0, 0, 0, 0, 0, 0, 0, 0, 0, 0, 0, 0, 0, 0, 0}, 
  {0, 0, 0, 0, 0, 0, 0, 0, 0, 0, 0, 0, 0, 0, 0}
}, 
  {  {0, 0, 0, 0, 0, 0, 0, 0, 0, 0, 0, 0, 0, 0, 0}, 
  {0, 0, 0, 0, 0, 0, 0, 0, 0, 0, 0, 0, 0, 0, 0}, 
  {0, 0, 0, 0, 0, 0, 0, 0, 0, 0, 0, 0, 0, 0, 0}, 
  {0, 0, 0, 0, 0, 0, 0, 0, 0, 0, 0, 0, 0, 0, 0}, 
  {0, 0, 0, 0, 0, 0, 0, 0, 0, 0, 0, 0, 0, 0, 0}, 
  {0, 0, 0, 0, 0, 0, 0, 0, 0, 0, 0, 0, 0, 0, 0}, 
  {0, 0, 0, 0, 0, 0, 0, 0, 0, 0, 0, 0, 0, 0, 0}, 
  {0, 0, 0, 0, 0, 0, 0, 0, 0, 0, 0, 0, 0, 0, 0}, 
  {0, 0, 0, 0, 0, 0, 0, 0, 0, 0, 0, 0, 0, 0, 0}, 
  {0, 0, 0, 0, 0, 0, 0, 0, 0, 0, 0, 0, 0, 0, 0}
}
