byte rdpopupgif_greens[36][10][15]=
  {  {0, 0, 0, 0, 0, 0, 0, 0, 0, 0, 0, 0, 0, 0, 0}, 
  {0, 0, 0, 0, 0, 0, 0, 0, 0, 0, 0, 0, 0, 0, 0}, 
  {0, 0, 0, 0, 0, 0, 0, 0, 0, 0, 0, 0, 0, 0, 0}, 
  {0, 0, 0, 0, 0, 0, 0, 0, 0, 0, 0, 0, 0, 0, 0}, 
  {0, 0, 0, 0, 0, 0, 0, 0, 0, 0, 0, 0, 0, 0, 0}, 
  {0, 0, 0, 0, 0, 0, 0, 0, 0, 0, 0, 0, 0, 0, 0}, 
  {0, 0, 0, 0, 0, 0, 0, 0, 0, 0, 0, 0, 0, 0, 0}, 
  {0, 0, 0, 0, 0, 0, 0, 0, 0, 0, 0, 0, 0, 0, 0}, 
  {0, 0, 0, 0, 0, 0, 0, 0, 0, 0, 0, 0, 0, 0, 0}, 
  {0, 0, 0, 0, 0, 0, 0, 0, 0, 0, 0, 0, 0, 0, 0}
}, 
  {  {0, 0, 0, 0, 0, 0, 0, 0, 0, 0, 0, 0, 0, 0, 0}, 
  {0, 0, 0, 0, 0, 0, 0, 0, 0, 0, 0, 0, 0, 0, 0}, 
  {0, 0, 0, 0, 0, 0, 0, 0, 0, 0, 0, 0, 0, 0, 0}, 
  {0, 0, 0, 0, 0, 0, 0, 0, 0, 0, 0, 0, 0, 0, 0}, 
  {0, 0, 0, 0, 0, 0, 0, 0, 0, 0, 0, 0, 0, 0, 0}, 
  {0, 0, 0, 0, 0, 0, 0, 0, 0, 0, 0, 0, 0, 0, 0}, 
  {0, 0, 0, 0, 0, 0, 0, 0, 0, 0, 0, 0, 0, 0, 0}, 
  {0, 0, 0, 0, 0, 0, 0, 0, 0, 0, 0, 0, 0, 0, 0}, 
  {0, 0, 0, 0, 0, 0, 0, 0, 0, 0, 0, 0, 0, 0, 0}, 
  {0, 0, 0, 0, 0, 0, 0, 0, 0, 0, 0, 0, 0, 0, 0}
}, 
  {  {0, 0, 0, 0, 0, 0, 0, 0, 0, 0, 0, 0, 0, 0, 0}, 
  {0, 0, 0, 0, 0, 0, 0, 0, 0, 0, 0, 0, 0, 0, 0}, 
  {0, 0, 0, 0, 0, 0, 0, 0, 0, 0, 0, 0, 0, 0, 0}, 
  {0, 0, 0, 0, 0, 0, 0, 0, 0, 0, 0, 0, 0, 0, 0}, 
  {0, 0, 0, 0, 0, 0, 0, 0, 0, 0, 0, 0, 0, 0, 0}, 
  {0, 0, 0, 0, 0, 0, 0, 0, 0, 0, 0, 0, 0, 0, 0}, 
  {0, 0, 0, 0, 0, 0, 0, 0, 0, 0, 0, 0, 0, 0, 0}, 
  {0, 0, 0, 0, 0, 0, 0, 0, 0, 0, 0, 0, 0, 0, 0}, 
  {0, 0, 0, 0, 0, 0, 0, 0, 0, 0, 0, 0, 0, 0, 0}, 
  {0, 0, 0, 0, 0, 0, 0, 0, 0, 0, 0, 0, 0, 0, 0}
}, 
  {  {0, 0, 0, 0, 0, 0, 0, 0, 0, 0, 0, 0, 0, 0, 0}, 
  {0, 0, 0, 0, 0, 0, 0, 0, 0, 0, 0, 0, 0, 0, 0}, 
  {0, 0, 0, 0, 0, 0, 0, 0, 0, 0, 0, 0, 0, 0, 0}, 
  {0, 0, 0, 0, 0, 0, 0, 0, 0, 0, 0, 0, 0, 0, 0}, 
  {0, 0, 0, 0, 0, 0, 0, 0, 0, 0, 0, 0, 0, 0, 0}, 
  {0, 0, 0, 0, 0, 0, 0, 0, 0, 0, 0, 0, 0, 0, 0}, 
  {0, 0, 0, 0, 0, 0, 0, 0, 0, 0, 0, 0, 0, 0, 0}, 
  {0, 0, 0, 0, 0, 0, 0, 0, 0, 0, 0, 0, 0, 0, 0}, 
  {0, 0, 0, 0, 0, 0, 0, 0, 0, 0, 0, 0, 0, 0, 0}, 
  {0, 0, 0, 0, 0, 0, 0, 0, 0, 0, 0, 0, 0, 0, 0}
}, 
  {  {0, 0, 0, 0, 0, 0, 0, 0, 0, 0, 0, 0, 0, 0, 0}, 
  {0, 0, 0, 0, 0, 0, 0, 0, 0, 0, 0, 0, 0, 0, 0}, 
  {0, 0, 0, 0, 0, 0, 0, 0, 0, 0, 0, 0, 0, 0, 0}, 
  {0, 0, 0, 0, 0, 0, 0, 0, 0, 0, 0, 0, 0, 0, 0}, 
  {0, 0, 0, 0, 0, 0, 0, 0, 0, 0, 0, 0, 0, 0, 0}, 
  {0, 0, 0, 0, 0, 0, 0, 0, 0, 0, 0, 0, 0, 0, 0}, 
  {0, 0, 0, 0, 0, 0, 0, 0, 0, 0, 0, 0, 0, 0, 0}, 
  {0, 0, 0, 0, 0, 0, 0, 0, 0, 0, 0, 0, 0, 0, 0}, 
  {0, 0, 0, 0, 0, 0, 0, 0, 0, 0, 0, 0, 0, 0, 0}, 
  {0, 0, 0, 0, 0, 0, 0, 0, 0, 0, 0, 0, 0, 0, 0}
}, 
  {  {0, 0, 0, 0, 0, 0, 0, 0, 0, 0, 0, 0, 0, 0, 0}, 
  {0, 0, 0, 0, 0, 0, 0, 0, 0, 0, 0, 0, 0, 0, 0}, 
  {0, 0, 0, 0, 0, 0, 0, 0, 0, 0, 0, 0, 0, 0, 0}, 
  {0, 0, 0, 0, 0, 0, 0, 0, 0, 0, 0, 0, 0, 0, 0}, 
  {0, 0, 0, 0, 0, 0, 0, 0, 0, 0, 0, 0, 0, 0, 0}, 
  {0, 0, 0, 0, 0, 0, 0, 0, 0, 0, 0, 0, 0, 0, 0}, 
  {0, 0, 0, 0, 0, 0, 0, 0, 0, 0, 0, 0, 0, 0, 0}, 
  {0, 0, 0, 0, 0, 0, 0, 0, 0, 0, 0, 0, 0, 0, 0}, 
  {0, 0, 0, 0, 0, 0, 0, 0, 0, 0, 0, 0, 0, 0, 0}, 
  {0, 0, 0, 0, 0, 0, 0, 0, 0, 0, 0, 0, 0, 0, 0}
}, 
  {  {0, 0, 0, 0, 0, 0, 0, 0, 0, 0, 0, 0, 0, 0, 0}, 
  {0, 0, 0, 0, 0, 0, 0, 0, 0, 0, 0, 0, 0, 0, 0}, 
  {0, 0, 0, 0, 0, 0, 0, 0, 0, 0, 0, 0, 0, 0, 0}, 
  {0, 0, 0, 0, 0, 0, 0, 0, 0, 0, 0, 0, 0, 0, 0}, 
  {0, 0, 0, 0, 0, 0, 0, 0, 0, 0, 0, 0, 0, 0, 0}, 
  {0, 0, 0, 0, 0, 0, 0, 0, 0, 0, 0, 0, 0, 0, 0}, 
  {0, 0, 0, 0, 0, 0, 0, 0, 0, 0, 0, 0, 0, 0, 0}, 
  {0, 0, 0, 0, 0, 0, 0, 0, 0, 0, 0, 0, 0, 0, 0}, 
  {0, 0, 0, 0, 0, 0, 0, 0, 0, 0, 0, 0, 0, 0, 0}, 
  {0, 0, 0, 0, 0, 0, 0, 0, 0, 0, 0, 0, 0, 86, 204}
}, 
  {  {0, 0, 0, 0, 0, 0, 0, 0, 0, 0, 0, 0, 0, 0, 0}, 
  {0, 0, 0, 0, 0, 0, 0, 0, 0, 0, 0, 0, 0, 0, 0}, 
  {0, 0, 0, 0, 0, 0, 0, 0, 0, 0, 0, 0, 0, 0, 0}, 
  {0, 0, 0, 0, 0, 0, 0, 0, 0, 0, 0, 0, 0, 0, 0}, 
  {0, 0, 0, 0, 0, 0, 0, 0, 0, 0, 0, 0, 0, 0, 0}, 
  {0, 0, 0, 0, 0, 0, 0, 0, 0, 0, 0, 0, 0, 0, 0}, 
  {0, 0, 0, 0, 0, 0, 0, 0, 0, 0, 0, 0, 0, 0, 0}, 
  {0, 0, 0, 0, 0, 0, 0, 0, 0, 0, 0, 0, 0, 0, 0}, 
  {0, 0, 0, 0, 0, 0, 0, 0, 0, 0, 0, 0, 86, 204, 86}, 
  {0, 0, 0, 0, 0, 0, 0, 0, 0, 0, 0, 86, 86, 86, 86}
}, 
  {  {0, 0, 0, 0, 0, 0, 0, 0, 0, 0, 0, 0, 0, 0, 0}, 
  {0, 0, 0, 0, 0, 0, 0, 0, 0, 0, 0, 0, 0, 0, 0}, 
  {0, 0, 0, 0, 0, 0, 0, 0, 0, 0, 0, 0, 0, 0, 0}, 
  {0, 0, 0, 0, 0, 0, 0, 0, 0, 0, 0, 0, 0, 0, 0}, 
  {0, 0, 0, 0, 0, 0, 0, 0, 0, 0, 0, 0, 0, 0, 0}, 
  {0, 0, 0, 0, 0, 0, 0, 0, 0, 0, 0, 0, 0, 0, 0}, 
  {0, 0, 0, 0, 0, 0, 0, 0, 0, 0, 0, 0, 0, 0, 0}, 
  {0, 0, 0, 0, 0, 0, 0, 0, 0, 0, 0, 86, 204, 86, 0}, 
  {0, 0, 0, 0, 0, 0, 0, 0, 0, 86, 86, 86, 86, 86, 86}, 
  {0, 0, 0, 0, 0, 0, 0, 0, 0, 0, 204, 204, 204, 204, 204}
}, 
  {  {0, 0, 0, 0, 0, 0, 0, 0, 0, 0, 0, 0, 0, 0, 0}, 
  {0, 0, 0, 0, 0, 0, 0, 0, 0, 0, 0, 0, 0, 0, 0}, 
  {0, 0, 0, 0, 0, 0, 0, 0, 0, 0, 0, 0, 0, 0, 0}, 
  {0, 0, 0, 0, 0, 0, 0, 0, 0, 0, 0, 0, 0, 0, 0}, 
  {0, 0, 0, 0, 0, 0, 0, 0, 0, 0, 0, 0, 0, 0, 0}, 
  {0, 0, 0, 0, 0, 0, 0, 0, 0, 0, 0, 0, 0, 0, 0}, 
  {0, 0, 0, 0, 0, 0, 0, 0, 0, 0, 86, 201, 86, 0, 0}, 
  {0, 0, 0, 0, 0, 0, 0, 0, 201, 86, 0, 86, 201, 86, 86}, 
  {0, 0, 0, 0, 0, 0, 0, 0, 0, 201, 201, 201, 201, 201, 86}, 
  {0, 0, 0, 0, 0, 0, 0, 0, 86, 86, 86, 86, 86, 86, 86}
}
  {  {0, 0, 0, 0, 0, 0, 0, 0, 0, 0, 0, 0, 0, 0, 0}, 
  {0, 0, 0, 0, 0, 0, 0, 0, 0, 0, 0, 0, 0, 0, 0}, 
  {0, 0, 0, 0, 0, 0, 0, 0, 0, 0, 0, 0, 0, 0, 0}, 
  {0, 0, 0, 0, 0, 0, 0, 0, 0, 0, 0, 0, 0, 0, 0}, 
  {0, 0, 0, 0, 0, 0, 0, 0, 0, 0, 0, 0, 0, 0, 0}, 
  {0, 0, 0, 0, 0, 0, 0, 0, 0, 86, 201, 86, 0, 0, 0}, 
  {0, 0, 0, 0, 0, 0, 0, 0, 201, 201, 201, 201, 201, 0, 0}, 
  {0, 0, 0, 0, 0, 0, 0, 201, 86, 30, 86, 201, 201, 201, 0}, 
  {0, 0, 0, 0, 0, 0, 0, 201, 86, 86, 86, 201, 86, 86, 0}, 
  {0, 0, 0, 0, 0, 0, 0, 142, 16, 201, 201, 201, 201, 201, 0}
}
  {  {0, 0, 0, 0, 0, 0, 0, 0, 0, 0, 0, 0, 0, 0, 0}, 
  {0, 0, 0, 0, 0, 0, 0, 0, 0, 0, 0, 0, 0, 0, 0}, 
  {0, 0, 0, 0, 0, 0, 0, 0, 0, 0, 0, 0, 0, 0, 0}, 
  {0, 0, 0, 0, 0, 0, 0, 0, 0, 0, 0, 0, 0, 0, 0}, 
  {0, 0, 0, 0, 0, 0, 0, 0, 86, 204, 86, 0, 0, 0, 0}, 
  {0, 0, 0, 0, 0, 0, 0, 204, 204, 204, 204, 204, 0, 0, 0}, 
  {0, 0, 0, 0, 0, 0, 204, 86, 23, 86, 204, 204, 204, 0, 0}, 
  {0, 0, 0, 0, 0, 0, 204, 86, 86, 86, 204, 86, 86, 0, 0}, 
  {0, 0, 0, 0, 0, 0, 139, 13, 204, 204, 204, 204, 204, 0, 0}, 
  {0, 0, 0, 0, 0, 229, 229, 229, 229, 23, 23, 23, 229, 229, 0}
}
  {  {0, 0, 0, 0, 0, 0, 0, 0, 0, 0, 0, 0, 0, 0, 0}, 
  {0, 0, 0, 0, 0, 0, 0, 0, 0, 0, 0, 0, 0, 0, 0}, 
  {0, 0, 0, 0, 0, 0, 0, 0, 0, 0, 0, 0, 0, 0, 0}, 
  {0, 0, 0, 0, 0, 0, 0, 86, 201, 86, 0, 0, 0, 0, 0}, 
  {0, 0, 0, 0, 0, 0, 201, 201, 201, 201, 201, 0, 0, 0, 0}, 
  {0, 0, 0, 0, 0, 201, 86, 15, 86, 204, 201, 201, 0, 0, 0}, 
  {0, 0, 0, 0, 0, 201, 86, 86, 86, 201, 86, 86, 0, 0, 0}, 
  {0, 0, 0, 0, 0, 139, 11, 201, 201, 201, 201, 201, 0, 0, 0}, 
  {0, 0, 0, 0, 229, 229, 229, 229, 15, 15, 15, 229, 229, 0, 0}, 
  {0, 0, 0, 0, 229, 86, 229, 139, 229, 86, 229, 229, 229, 0, 0}
}
  {  {0, 0, 0, 0, 0, 0, 0, 0, 0, 0, 0, 0, 0, 0, 0}, 
  {0, 0, 0, 0, 0, 0, 0, 0, 0, 0, 0, 0, 0, 0, 0}, 
  {0, 0, 0, 0, 0, 0, 86, 199, 86, 0, 0, 0, 0, 0, 0}, 
  {0, 0, 0, 0, 0, 204, 204, 204, 204, 204, 0, 0, 0, 0, 0}, 
  {0, 0, 0, 0, 199, 86, 8, 86, 204, 204, 204, 0, 0, 0, 0}, 
  {0, 0, 0, 0, 199, 86, 86, 86, 199, 86, 86, 0, 0, 0, 0}, 
  {0, 0, 0, 0, 139, 9, 204, 204, 204, 204, 204, 0, 0, 0, 0}, 
  {0, 0, 0, 235, 235, 235, 226, 5, 5, 14, 235, 235, 0, 0, 0}, 
  {0, 0, 0, 229, 86, 231, 139, 229, 86, 235, 235, 235, 0, 0, 0}, 
  {0, 0, 0, 229, 86, 231, 139, 229, 86, 235, 235, 235, 0, 0, 0}
}
  {  {0, 0, 0, 0, 0, 0, 0, 0, 0, 0, 0, 0, 0, 0, 0}, 
  {0, 0, 0, 0, 0, 0, 0, 0, 0, 0, 0, 0, 0, 0, 0}, 
  {0, 0, 0, 0, 0, 0, 86, 199, 86, 0, 0, 0, 0, 0, 0}, 
  {0, 0, 0, 0, 0, 199, 199, 199, 199, 199, 0, 0, 0, 0, 0}, 
  {0, 0, 0, 0, 204, 204, 204, 204, 196, 6, 139, 0, 0, 0, 0}, 
  {0, 0, 0, 0, 199, 199, 199, 86, 8, 86, 199, 0, 0, 0, 0}, 
  {0, 0, 0, 0, 86, 86, 86, 86, 86, 86, 86, 0, 0, 0, 0}, 
  {0, 0, 0, 235, 235, 235, 226, 5, 5, 14, 235, 235, 0, 0, 0}, 
  {0, 0, 0, 229, 86, 231, 139, 229, 86, 235, 235, 235, 0, 0, 0}, 
  {0, 0, 0, 229, 86, 231, 139, 229, 86, 235, 235, 235, 0, 0, 0}
}
  {  {0, 0, 0, 0, 0, 0, 0, 0, 0, 0, 0, 0, 0, 0, 0}, 
  {0, 0, 0, 0, 0, 0, 0, 0, 0, 0, 0, 0, 0, 0, 0}, 
  {0, 0, 0, 0, 0, 0, 86, 199, 81, 0, 0, 0, 0, 0, 0}, 
  {0, 0, 0, 0, 0, 204, 204, 204, 204, 204, 0, 0, 0, 0, 0}, 
  {0, 0, 0, 0, 204, 204, 204, 78, 196, 6, 204, 0, 0, 0, 0}, 
  {0, 0, 0, 0, 81, 199, 199, 81, 81, 86, 204, 0, 0, 0, 0}, 
  {0, 0, 0, 0, 86, 86, 86, 86, 86, 86, 138, 0, 0, 0, 0}, 
  {0, 0, 0, 235, 235, 235, 226, 5, 5, 14, 235, 235, 0, 0, 0}, 
  {0, 0, 0, 229, 87, 231, 142, 229, 87, 235, 235, 235, 0, 0, 0}, 
  {0, 0, 0, 229, 87, 231, 142, 229, 87, 235, 235, 235, 0, 0, 0}
}
  {  {0, 0, 0, 0, 0, 0, 0, 0, 0, 0, 0, 0, 0, 0, 0}, 
  {0, 0, 0, 0, 0, 0, 0, 0, 0, 0, 0, 0, 0, 0, 0}, 
  {0, 0, 0, 0, 0, 0, 86, 199, 81, 0, 0, 0, 0, 0, 0}, 
  {0, 0, 0, 0, 0, 204, 204, 204, 204, 204, 0, 0, 0, 0, 0}, 
  {0, 0, 0, 0, 204, 204, 204, 78, 196, 6, 204, 0, 0, 0, 0}, 
  {0, 0, 0, 0, 81, 199, 199, 81, 81, 86, 204, 0, 0, 0, 0}, 
  {0, 0, 0, 0, 86, 86, 86, 86, 86, 86, 138, 0, 0, 0, 0}, 
  {0, 0, 0, 235, 235, 235, 226, 5, 5, 14, 235, 235, 0, 0, 0}, 
  {0, 0, 0, 229, 87, 231, 142, 229, 87, 235, 235, 235, 0, 0, 0}, 
  {0, 0, 0, 229, 87, 231, 142, 229, 87, 235, 235, 235, 0, 0, 0}
}
  {  {0, 0, 0, 0, 0, 0, 0, 0, 0, 0, 0, 0, 0, 0, 0}, 
  {0, 0, 0, 0, 0, 0, 0, 0, 0, 0, 0, 0, 0, 0, 0}, 
  {0, 0, 0, 0, 0, 0, 86, 199, 81, 0, 0, 0, 0, 0, 0}, 
  {0, 0, 0, 0, 0, 204, 204, 204, 204, 204, 0, 0, 0, 0, 0}, 
  {0, 0, 0, 0, 204, 204, 204, 78, 196, 6, 204, 0, 0, 0, 0}, 
  {0, 0, 0, 0, 81, 199, 199, 81, 81, 86, 204, 0, 0, 0, 0}, 
  {0, 0, 0, 0, 86, 86, 86, 86, 86, 86, 138, 0, 0, 0, 0}, 
  {0, 0, 0, 235, 235, 235, 226, 5, 5, 14, 235, 235, 0, 0, 0}, 
  {0, 0, 0, 229, 87, 231, 142, 229, 87, 235, 235, 235, 0, 0, 0}, 
  {0, 0, 0, 229, 87, 231, 142, 229, 87, 235, 235, 235, 0, 0, 0}
}
  {  {0, 0, 0, 0, 0, 0, 0, 0, 0, 0, 0, 0, 0, 0, 0}, 
  {0, 0, 0, 0, 0, 0, 0, 0, 0, 0, 0, 0, 0, 0, 0}, 
  {0, 0, 0, 0, 0, 0, 86, 199, 81, 0, 0, 0, 0, 0, 0}, 
  {0, 0, 0, 0, 0, 204, 204, 204, 204, 204, 0, 0, 0, 0, 0}, 
  {0, 0, 0, 0, 204, 204, 204, 78, 196, 6, 204, 0, 0, 0, 0}, 
  {0, 0, 0, 0, 81, 199, 199, 81, 81, 86, 204, 0, 0, 0, 0}, 
  {0, 0, 0, 0, 86, 86, 86, 86, 86, 86, 138, 0, 0, 0, 0}, 
  {0, 0, 0, 235, 235, 235, 226, 5, 5, 14, 235, 235, 0, 0, 0}, 
  {0, 0, 0, 229, 87, 231, 142, 229, 87, 235, 235, 235, 0, 0, 0}, 
  {0, 0, 0, 229, 87, 231, 142, 229, 87, 235, 235, 235, 0, 0, 0}
}
  {  {0, 0, 0, 0, 0, 0, 0, 0, 0, 0, 0, 0, 0, 0, 0}, 
  {0, 0, 0, 0, 0, 0, 0, 0, 0, 0, 0, 0, 0, 0, 0}, 
  {0, 0, 0, 0, 0, 0, 86, 199, 81, 0, 0, 0, 0, 0, 0}, 
  {0, 0, 0, 0, 0, 204, 204, 204, 204, 204, 0, 0, 0, 0, 0}, 
  {0, 0, 0, 0, 199, 78, 8, 86, 204, 204, 204, 0, 0, 0, 0}, 
  {0, 0, 0, 0, 86, 86, 86, 86, 86, 86, 86, 0, 0, 0, 0}, 
  {0, 0, 0, 0, 199, 81, 81, 86, 199, 81, 81, 0, 0, 0, 0}, 
  {0, 0, 0, 235, 235, 235, 226, 5, 5, 14, 235, 235, 0, 0, 0}, 
  {0, 0, 0, 229, 87, 231, 142, 229, 87, 235, 235, 235, 0, 0, 0}, 
  {0, 0, 0, 229, 87, 231, 142, 229, 87, 235, 235, 235, 0, 0, 0}
}
  {  {0, 0, 0, 0, 0, 0, 0, 0, 0, 0, 0, 0, 0, 0, 0}, 
  {0, 0, 0, 0, 0, 0, 0, 0, 0, 0, 0, 0, 0, 0, 0}, 
  {0, 0, 0, 0, 0, 0, 86, 199, 81, 0, 0, 0, 0, 0, 0}, 
  {0, 0, 0, 0, 0, 204, 204, 204, 204, 204, 0, 0, 0, 0, 0}, 
  {0, 0, 0, 0, 199, 78, 8, 86, 204, 204, 204, 0, 0, 0, 0}, 
  {0, 0, 0, 0, 86, 86, 86, 86, 86, 86, 86, 0, 0, 0, 0}, 
  {0, 0, 0, 0, 199, 81, 81, 86, 199, 81, 81, 0, 0, 0, 0}, 
  {0, 0, 0, 235, 235, 235, 226, 5, 5, 14, 235, 235, 0, 0, 0}, 
  {0, 0, 0, 229, 87, 231, 142, 229, 87, 235, 235, 235, 0, 0, 0}, 
  {0, 0, 0, 229, 87, 231, 142, 229, 87, 235, 235, 235, 0, 0, 0}
}
  {  {0, 0, 0, 0, 0, 0, 0, 0, 0, 0, 0, 0, 0, 0, 0}, 
  {0, 0, 0, 0, 0, 0, 0, 0, 0, 0, 0, 0, 0, 0, 0}, 
  {0, 0, 0, 0, 0, 0, 86, 199, 81, 0, 0, 0, 0, 0, 0}, 
  {0, 0, 0, 0, 0, 204, 204, 204, 204, 204, 0, 0, 0, 0, 0}, 
  {0, 0, 0, 0, 199, 78, 8, 86, 204, 204, 204, 0, 0, 0, 0}, 
  {0, 0, 0, 0, 86, 86, 86, 86, 86, 86, 86, 0, 0, 0, 0}, 
  {0, 0, 0, 0, 199, 81, 81, 86, 199, 81, 81, 0, 0, 0, 0}, 
  {0, 0, 0, 235, 235, 235, 226, 5, 5, 14, 235, 235, 0, 0, 0}, 
  {0, 0, 0, 229, 87, 231, 142, 229, 87, 235, 235, 235, 0, 0, 0}, 
  {0, 0, 0, 229, 87, 231, 142, 229, 87, 235, 235, 235, 0, 0, 0}
}
  {  {0, 0, 0, 0, 0, 0, 0, 0, 0, 0, 0, 0, 0, 0, 0}, 
  {0, 0, 0, 0, 0, 0, 0, 0, 0, 0, 0, 0, 0, 0, 0}, 
  {0, 0, 0, 0, 0, 0, 86, 199, 81, 0, 0, 0, 0, 0, 0}, 
  {0, 0, 0, 0, 0, 204, 204, 204, 204, 204, 0, 0, 0, 0, 0}, 
  {0, 0, 0, 0, 199, 78, 8, 86, 204, 204, 204, 0, 0, 0, 0}, 
  {0, 0, 0, 0, 86, 86, 86, 86, 86, 86, 86, 0, 0, 0, 0}, 
  {0, 0, 0, 0, 199, 81, 81, 86, 199, 81, 81, 0, 0, 0, 0}, 
  {0, 0, 0, 235, 235, 235, 226, 5, 5, 14, 235, 235, 0, 0, 0}, 
  {0, 0, 0, 229, 87, 231, 142, 229, 87, 235, 235, 235, 0, 0, 0}, 
  {0, 0, 0, 229, 87, 231, 142, 229, 87, 235, 235, 235, 0, 0, 0}
}
  {  {0, 0, 0, 0, 0, 0, 0, 0, 0, 0, 0, 0, 0, 0, 0}, 
  {0, 0, 0, 0, 0, 0, 0, 0, 0, 0, 0, 0, 0, 0, 0}, 
  {0, 0, 0, 0, 0, 0, 86, 199, 81, 0, 0, 0, 0, 0, 0}, 
  {0, 0, 0, 0, 0, 204, 204, 204, 204, 204, 0, 0, 0, 0, 0}, 
  {0, 0, 0, 0, 199, 78, 8, 86, 204, 204, 204, 0, 0, 0, 0}, 
  {0, 0, 0, 0, 86, 86, 86, 86, 86, 86, 86, 0, 0, 0, 0}, 
  {0, 0, 0, 0, 199, 81, 81, 86, 199, 81, 81, 0, 0, 0, 0}, 
  {0, 0, 0, 235, 235, 235, 226, 5, 5, 14, 235, 235, 0, 0, 0}, 
  {0, 0, 0, 229, 87, 231, 142, 229, 87, 235, 235, 235, 0, 0, 0}, 
  {0, 0, 0, 229, 87, 231, 142, 229, 87, 235, 235, 235, 0, 0, 0}
}
  {  {0, 0, 0, 0, 0, 0, 0, 0, 0, 0, 0, 0, 0, 0, 0}, 
  {0, 0, 0, 0, 0, 0, 0, 0, 0, 0, 0, 0, 0, 0, 0}, 
  {0, 0, 0, 0, 0, 0, 0, 0, 0, 0, 0, 0, 0, 0, 0}, 
  {0, 0, 0, 0, 0, 81, 204, 81, 0, 0, 0, 0, 0, 0, 0}, 
  {0, 0, 0, 0, 204, 204, 204, 204, 204, 0, 0, 0, 0, 0, 0}, 
  {0, 0, 0, 204, 81, 5, 81, 204, 204, 204, 0, 0, 0, 0, 0}, 
  {0, 0, 0, 204, 81, 81, 81, 204, 81, 81, 0, 0, 0, 0, 0}, 
  {0, 0, 0, 138, 1, 203, 204, 204, 204, 204, 0, 0, 0, 0, 0}, 
  {0, 0, 235, 235, 235, 235, 6, 5, 5, 234, 235, 0, 0, 0, 0}, 
  {0, 0, 235, 82, 234, 138, 235, 82, 234, 235, 235, 0, 0, 0, 0}
}
  {  {0, 0, 0, 0, 0, 0, 0, 0, 0, 0, 0, 0, 0, 0, 0}, 
  {0, 0, 0, 0, 0, 0, 0, 0, 0, 0, 0, 0, 0, 0, 0}, 
  {0, 0, 0, 0, 0, 0, 0, 0, 0, 0, 0, 0, 0, 0, 0}, 
  {0, 0, 0, 0, 0, 0, 0, 0, 0, 0, 0, 0, 0, 0, 0}, 
  {0, 0, 0, 0, 82, 199, 86, 0, 0, 0, 0, 0, 0, 0, 0}, 
  {0, 0, 0, 204, 204, 204, 204, 204, 0, 0, 0, 0, 0, 0, 0}, 
  {0, 0, 204, 86, 8, 78, 199, 204, 204, 0, 0, 0, 0, 0, 0}, 
  {0, 0, 204, 86, 81, 81, 199, 86, 81, 0, 0, 0, 0, 0, 0}, 
  {0, 0, 138, 7, 195, 204, 204, 204, 204, 0, 0, 0, 0, 0, 0}, 
  {0, 235, 235, 235, 235, 15, 5, 5, 225, 235, 0, 0, 0, 0, 0}
}
  {  {0, 0, 0, 0, 0, 0, 0, 0, 0, 0, 0, 0, 0, 0, 0}, 
  {0, 0, 0, 0, 0, 0, 0, 0, 0, 0, 0, 0, 0, 0, 0}, 
  {0, 0, 0, 0, 0, 0, 0, 0, 0, 0, 0, 0, 0, 0, 0}, 
  {0, 0, 0, 0, 0, 0, 0, 0, 0, 0, 0, 0, 0, 0, 0}, 
  {0, 0, 0, 0, 0, 0, 0, 0, 0, 0, 0, 0, 0, 0, 0}, 
  {0, 0, 0, 81, 193, 92, 0, 0, 0, 0, 0, 0, 0, 0, 0}, 
  {0, 0, 204, 204, 204, 204, 204, 0, 0, 0, 0, 0, 0, 0, 0}, 
  {0, 204, 92, 12, 75, 193, 204, 204, 0, 0, 0, 0, 0, 0, 0}, 
  {0, 204, 92, 81, 81, 193, 92, 81, 0, 0, 0, 0, 0, 0, 0}, 
  {0, 138, 13, 187, 204, 204, 204, 204, 0, 0, 0, 0, 0, 0, 0}
}
  {  {0, 0, 0, 0, 0, 0, 0, 0, 0, 0, 0, 0, 0, 0, 0}, 
  {0, 0, 0, 0, 0, 0, 0, 0, 0, 0, 0, 0, 0, 0, 0}, 
  {0, 0, 0, 0, 0, 0, 0, 0, 0, 0, 0, 0, 0, 0, 0}, 
  {0, 0, 0, 0, 0, 0, 0, 0, 0, 0, 0, 0, 0, 0, 0}, 
  {0, 0, 0, 0, 0, 0, 0, 0, 0, 0, 0, 0, 0, 0, 0}, 
  {0, 0, 0, 0, 0, 0, 0, 0, 0, 0, 0, 0, 0, 0, 0}, 
  {0, 0, 81, 188, 97, 0, 0, 0, 0, 0, 0, 0, 0, 0, 0}, 
  {0, 204, 204, 204, 204, 204, 0, 0, 0, 0, 0, 0, 0, 0, 0}, 
  {204, 97, 15, 72, 189, 204, 204, 0, 0, 0, 0, 0, 0, 0, 0}, 
  {204, 97, 81, 81, 188, 97, 81, 0, 0, 0, 0, 0, 0, 0, 0}
}
  {  {0, 0, 0, 0, 0, 0, 0, 0, 0, 0, 0, 0, 0, 0, 0}, 
  {0, 0, 0, 0, 0, 0, 0, 0, 0, 0, 0, 0, 0, 0, 0}, 
  {0, 0, 0, 0, 0, 0, 0, 0, 0, 0, 0, 0, 0, 0, 0}, 
  {0, 0, 0, 0, 0, 0, 0, 0, 0, 0, 0, 0, 0, 0, 0}, 
  {0, 0, 0, 0, 0, 0, 0, 0, 0, 0, 0, 0, 0, 0, 0}, 
  {0, 0, 0, 0, 0, 0, 0, 0, 0, 0, 0, 0, 0, 0, 0}, 
  {0, 0, 0, 0, 0, 0, 0, 0, 0, 0, 0, 0, 0, 0, 0}, 
  {0, 81, 184, 101, 0, 0, 0, 0, 0, 0, 0, 0, 0, 0, 0}, 
  {204, 204, 204, 204, 204, 0, 0, 0, 0, 0, 0, 0, 0, 0, 0}, 
  {102, 18, 69, 184, 204, 204, 0, 0, 0, 0, 0, 0, 0, 0, 0}
}
  {  {0, 0, 0, 0, 0, 0, 0, 0, 0, 0, 0, 0, 0, 0, 0}, 
  {0, 0, 0, 0, 0, 0, 0, 0, 0, 0, 0, 0, 0, 0, 0}, 
  {0, 0, 0, 0, 0, 0, 0, 0, 0, 0, 0, 0, 0, 0, 0}, 
  {0, 0, 0, 0, 0, 0, 0, 0, 0, 0, 0, 0, 0, 0, 0}, 
  {0, 0, 0, 0, 0, 0, 0, 0, 0, 0, 0, 0, 0, 0, 0}, 
  {0, 0, 0, 0, 0, 0, 0, 0, 0, 0, 0, 0, 0, 0, 0}, 
  {0, 0, 0, 0, 0, 0, 0, 0, 0, 0, 0, 0, 0, 0, 0}, 
  {0, 0, 0, 0, 0, 0, 0, 0, 0, 0, 0, 0, 0, 0, 0}, 
  {81, 178, 107, 0, 0, 0, 0, 0, 0, 0, 0, 0, 0, 0, 0}, 
  {204, 204, 204, 204, 0, 0, 0, 0, 0, 0, 0, 0, 0, 0, 0}
}
  {  {0, 0, 0, 0, 0, 0, 0, 0, 0, 0, 0, 0, 0, 0, 0}, 
  {0, 0, 0, 0, 0, 0, 0, 0, 0, 0, 0, 0, 0, 0, 0}, 
  {0, 0, 0, 0, 0, 0, 0, 0, 0, 0, 0, 0, 0, 0, 0}, 
  {0, 0, 0, 0, 0, 0, 0, 0, 0, 0, 0, 0, 0, 0, 0}, 
  {0, 0, 0, 0, 0, 0, 0, 0, 0, 0, 0, 0, 0, 0, 0}, 
  {0, 0, 0, 0, 0, 0, 0, 0, 0, 0, 0, 0, 0, 0, 0}, 
  {0, 0, 0, 0, 0, 0, 0, 0, 0, 0, 0, 0, 0, 0, 0}, 
  {0, 0, 0, 0, 0, 0, 0, 0, 0, 0, 0, 0, 0, 0, 0}, 
  {0, 0, 0, 0, 0, 0, 0, 0, 0, 0, 0, 0, 0, 0, 0}, 
  {173, 112, 0, 0, 0, 0, 0, 0, 0, 0, 0, 0, 0, 0, 0}
}
  {  {0, 0, 0, 0, 0, 0, 0, 0, 0, 0, 0, 0, 0, 0, 0}, 
  {0, 0, 0, 0, 0, 0, 0, 0, 0, 0, 0, 0, 0, 0, 0}, 
  {0, 0, 0, 0, 0, 0, 0, 0, 0, 0, 0, 0, 0, 0, 0}, 
  {0, 0, 0, 0, 0, 0, 0, 0, 0, 0, 0, 0, 0, 0, 0}, 
  {0, 0, 0, 0, 0, 0, 0, 0, 0, 0, 0, 0, 0, 0, 0}, 
  {0, 0, 0, 0, 0, 0, 0, 0, 0, 0, 0, 0, 0, 0, 0}, 
  {0, 0, 0, 0, 0, 0, 0, 0, 0, 0, 0, 0, 0, 0, 0}, 
  {0, 0, 0, 0, 0, 0, 0, 0, 0, 0, 0, 0, 0, 0, 0}, 
  {0, 0, 0, 0, 0, 0, 0, 0, 0, 0, 0, 0, 0, 0, 0}, 
  {0, 0, 0, 0, 0, 0, 0, 0, 0, 0, 0, 0, 0, 0, 0}
}
  {  {0, 0, 0, 0, 0, 0, 0, 0, 0, 0, 0, 0, 0, 0, 0}, 
  {0, 0, 0, 0, 0, 0, 0, 0, 0, 0, 0, 0, 0, 0, 0}, 
  {0, 0, 0, 0, 0, 0, 0, 0, 0, 0, 0, 0, 0, 0, 0}, 
  {0, 0, 0, 0, 0, 0, 0, 0, 0, 0, 0, 0, 0, 0, 0}, 
  {0, 0, 0, 0, 0, 0, 0, 0, 0, 0, 0, 0, 0, 0, 0}, 
  {0, 0, 0, 0, 0, 0, 0, 0, 0, 0, 0, 0, 0, 0, 0}, 
  {0, 0, 0, 0, 0, 0, 0, 0, 0, 0, 0, 0, 0, 0, 0}, 
  {0, 0, 0, 0, 0, 0, 0, 0, 0, 0, 0, 0, 0, 0, 0}, 
  {0, 0, 0, 0, 0, 0, 0, 0, 0, 0, 0, 0, 0, 0, 0}, 
  {0, 0, 0, 0, 0, 0, 0, 0, 0, 0, 0, 0, 0, 0, 0}
}
  {  {0, 0, 0, 0, 0, 0, 0, 0, 0, 0, 0, 0, 0, 0, 0}, 
  {0, 0, 0, 0, 0, 0, 0, 0, 0, 0, 0, 0, 0, 0, 0}, 
  {0, 0, 0, 0, 0, 0, 0, 0, 0, 0, 0, 0, 0, 0, 0}, 
  {0, 0, 0, 0, 0, 0, 0, 0, 0, 0, 0, 0, 0, 0, 0}, 
  {0, 0, 0, 0, 0, 0, 0, 0, 0, 0, 0, 0, 0, 0, 0}, 
  {0, 0, 0, 0, 0, 0, 0, 0, 0, 0, 0, 0, 0, 0, 0}, 
  {0, 0, 0, 0, 0, 0, 0, 0, 0, 0, 0, 0, 0, 0, 0}, 
  {0, 0, 0, 0, 0, 0, 0, 0, 0, 0, 0, 0, 0, 0, 0}, 
  {0, 0, 0, 0, 0, 0, 0, 0, 0, 0, 0, 0, 0, 0, 0}, 
  {0, 0, 0, 0, 0, 0, 0, 0, 0, 0, 0, 0, 0, 0, 0}
}
  {  {0, 0, 0, 0, 0, 0, 0, 0, 0, 0, 0, 0, 0, 0, 0}, 
  {0, 0, 0, 0, 0, 0, 0, 0, 0, 0, 0, 0, 0, 0, 0}, 
  {0, 0, 0, 0, 0, 0, 0, 0, 0, 0, 0, 0, 0, 0, 0}, 
  {0, 0, 0, 0, 0, 0, 0, 0, 0, 0, 0, 0, 0, 0, 0}, 
  {0, 0, 0, 0, 0, 0, 0, 0, 0, 0, 0, 0, 0, 0, 0}, 
  {0, 0, 0, 0, 0, 0, 0, 0, 0, 0, 0, 0, 0, 0, 0}, 
  {0, 0, 0, 0, 0, 0, 0, 0, 0, 0, 0, 0, 0, 0, 0}, 
  {0, 0, 0, 0, 0, 0, 0, 0, 0, 0, 0, 0, 0, 0, 0}, 
  {0, 0, 0, 0, 0, 0, 0, 0, 0, 0, 0, 0, 0, 0, 0}, 
  {0, 0, 0, 0, 0, 0, 0, 0, 0, 0, 0, 0, 0, 0, 0}
}
  {  {0, 0, 0, 0, 0, 0, 0, 0, 0, 0, 0, 0, 0, 0, 0}, 
  {0, 0, 0, 0, 0, 0, 0, 0, 0, 0, 0, 0, 0, 0, 0}, 
  {0, 0, 0, 0, 0, 0, 0, 0, 0, 0, 0, 0, 0, 0, 0}, 
  {0, 0, 0, 0, 0, 0, 0, 0, 0, 0, 0, 0, 0, 0, 0}, 
  {0, 0, 0, 0, 0, 0, 0, 0, 0, 0, 0, 0, 0, 0, 0}, 
  {0, 0, 0, 0, 0, 0, 0, 0, 0, 0, 0, 0, 0, 0, 0}, 
  {0, 0, 0, 0, 0, 0, 0, 0, 0, 0, 0, 0, 0, 0, 0}, 
  {0, 0, 0, 0, 0, 0, 0, 0, 0, 0, 0, 0, 0, 0, 0}, 
  {0, 0, 0, 0, 0, 0, 0, 0, 0, 0, 0, 0, 0, 0, 0}, 
  {0, 0, 0, 0, 0, 0, 0, 0, 0, 0, 0, 0, 0, 0, 0}
}
