byte rdpopupgif_blues[36][10][15]=
  {  {0, 0, 0, 0, 0, 0, 0, 0, 0, 0, 0, 0, 0, 0, 0}, 
  {0, 0, 0, 0, 0, 0, 0, 0, 0, 0, 0, 0, 0, 0, 0}, 
  {0, 0, 0, 0, 0, 0, 0, 0, 0, 0, 0, 0, 0, 0, 0}, 
  {0, 0, 0, 0, 0, 0, 0, 0, 0, 0, 0, 0, 0, 0, 0}, 
  {0, 0, 0, 0, 0, 0, 0, 0, 0, 0, 0, 0, 0, 0, 0}, 
  {0, 0, 0, 0, 0, 0, 0, 0, 0, 0, 0, 0, 0, 0, 0}, 
  {0, 0, 0, 0, 0, 0, 0, 0, 0, 0, 0, 0, 0, 0, 0}, 
  {0, 0, 0, 0, 0, 0, 0, 0, 0, 0, 0, 0, 0, 0, 0}, 
  {0, 0, 0, 0, 0, 0, 0, 0, 0, 0, 0, 0, 0, 0, 0}, 
  {0, 0, 0, 0, 0, 0, 0, 0, 0, 0, 0, 0, 0, 0, 0}
}, 
  {  {0, 0, 0, 0, 0, 0, 0, 0, 0, 0, 0, 0, 0, 0, 0}, 
  {0, 0, 0, 0, 0, 0, 0, 0, 0, 0, 0, 0, 0, 0, 0}, 
  {0, 0, 0, 0, 0, 0, 0, 0, 0, 0, 0, 0, 0, 0, 0}, 
  {0, 0, 0, 0, 0, 0, 0, 0, 0, 0, 0, 0, 0, 0, 0}, 
  {0, 0, 0, 0, 0, 0, 0, 0, 0, 0, 0, 0, 0, 0, 0}, 
  {0, 0, 0, 0, 0, 0, 0, 0, 0, 0, 0, 0, 0, 0, 0}, 
  {0, 0, 0, 0, 0, 0, 0, 0, 0, 0, 0, 0, 0, 0, 0}, 
  {0, 0, 0, 0, 0, 0, 0, 0, 0, 0, 0, 0, 0, 0, 0}, 
  {0, 0, 0, 0, 0, 0, 0, 0, 0, 0, 0, 0, 0, 0, 0}, 
  {0, 0, 0, 0, 0, 0, 0, 0, 0, 0, 0, 0, 0, 0, 0}
}, 
  {  {0, 0, 0, 0, 0, 0, 0, 0, 0, 0, 0, 0, 0, 0, 0}, 
  {0, 0, 0, 0, 0, 0, 0, 0, 0, 0, 0, 0, 0, 0, 0}, 
  {0, 0, 0, 0, 0, 0, 0, 0, 0, 0, 0, 0, 0, 0, 0}, 
  {0, 0, 0, 0, 0, 0, 0, 0, 0, 0, 0, 0, 0, 0, 0}, 
  {0, 0, 0, 0, 0, 0, 0, 0, 0, 0, 0, 0, 0, 0, 0}, 
  {0, 0, 0, 0, 0, 0, 0, 0, 0, 0, 0, 0, 0, 0, 0}, 
  {0, 0, 0, 0, 0, 0, 0, 0, 0, 0, 0, 0, 0, 0, 0}, 
  {0, 0, 0, 0, 0, 0, 0, 0, 0, 0, 0, 0, 0, 0, 0}, 
  {0, 0, 0, 0, 0, 0, 0, 0, 0, 0, 0, 0, 0, 0, 0}, 
  {0, 0, 0, 0, 0, 0, 0, 0, 0, 0, 0, 0, 0, 0, 0}
}, 
  {  {0, 0, 0, 0, 0, 0, 0, 0, 0, 0, 0, 0, 0, 0, 0}, 
  {0, 0, 0, 0, 0, 0, 0, 0, 0, 0, 0, 0, 0, 0, 0}, 
  {0, 0, 0, 0, 0, 0, 0, 0, 0, 0, 0, 0, 0, 0, 0}, 
  {0, 0, 0, 0, 0, 0, 0, 0, 0, 0, 0, 0, 0, 0, 0}, 
  {0, 0, 0, 0, 0, 0, 0, 0, 0, 0, 0, 0, 0, 0, 0}, 
  {0, 0, 0, 0, 0, 0, 0, 0, 0, 0, 0, 0, 0, 0, 0}, 
  {0, 0, 0, 0, 0, 0, 0, 0, 0, 0, 0, 0, 0, 0, 0}, 
  {0, 0, 0, 0, 0, 0, 0, 0, 0, 0, 0, 0, 0, 0, 0}, 
  {0, 0, 0, 0, 0, 0, 0, 0, 0, 0, 0, 0, 0, 0, 0}, 
  {0, 0, 0, 0, 0, 0, 0, 0, 0, 0, 0, 0, 0, 0, 0}
}, 
  {  {0, 0, 0, 0, 0, 0, 0, 0, 0, 0, 0, 0, 0, 0, 0}, 
  {0, 0, 0, 0, 0, 0, 0, 0, 0, 0, 0, 0, 0, 0, 0}, 
  {0, 0, 0, 0, 0, 0, 0, 0, 0, 0, 0, 0, 0, 0, 0}, 
  {0, 0, 0, 0, 0, 0, 0, 0, 0, 0, 0, 0, 0, 0, 0}, 
  {0, 0, 0, 0, 0, 0, 0, 0, 0, 0, 0, 0, 0, 0, 0}, 
  {0, 0, 0, 0, 0, 0, 0, 0, 0, 0, 0, 0, 0, 0, 0}, 
  {0, 0, 0, 0, 0, 0, 0, 0, 0, 0, 0, 0, 0, 0, 0}, 
  {0, 0, 0, 0, 0, 0, 0, 0, 0, 0, 0, 0, 0, 0, 0}, 
  {0, 0, 0, 0, 0, 0, 0, 0, 0, 0, 0, 0, 0, 0, 0}, 
  {0, 0, 0, 0, 0, 0, 0, 0, 0, 0, 0, 0, 0, 0, 0}
}, 
  {  {0, 0, 0, 0, 0, 0, 0, 0, 0, 0, 0, 0, 0, 0, 0}, 
  {0, 0, 0, 0, 0, 0, 0, 0, 0, 0, 0, 0, 0, 0, 0}, 
  {0, 0, 0, 0, 0, 0, 0, 0, 0, 0, 0, 0, 0, 0, 0}, 
  {0, 0, 0, 0, 0, 0, 0, 0, 0, 0, 0, 0, 0, 0, 0}, 
  {0, 0, 0, 0, 0, 0, 0, 0, 0, 0, 0, 0, 0, 0, 0}, 
  {0, 0, 0, 0, 0, 0, 0, 0, 0, 0, 0, 0, 0, 0, 0}, 
  {0, 0, 0, 0, 0, 0, 0, 0, 0, 0, 0, 0, 0, 0, 0}, 
  {0, 0, 0, 0, 0, 0, 0, 0, 0, 0, 0, 0, 0, 0, 0}, 
  {0, 0, 0, 0, 0, 0, 0, 0, 0, 0, 0, 0, 0, 0, 0}, 
  {0, 0, 0, 0, 0, 0, 0, 0, 0, 0, 0, 0, 0, 0, 0}
}, 
  {  {0, 0, 0, 0, 0, 0, 0, 0, 0, 0, 0, 0, 0, 0, 0}, 
  {0, 0, 0, 0, 0, 0, 0, 0, 0, 0, 0, 0, 0, 0, 0}, 
  {0, 0, 0, 0, 0, 0, 0, 0, 0, 0, 0, 0, 0, 0, 0}, 
  {0, 0, 0, 0, 0, 0, 0, 0, 0, 0, 0, 0, 0, 0, 0}, 
  {0, 0, 0, 0, 0, 0, 0, 0, 0, 0, 0, 0, 0, 0, 0}, 
  {0, 0, 0, 0, 0, 0, 0, 0, 0, 0, 0, 0, 0, 0, 0}, 
  {0, 0, 0, 0, 0, 0, 0, 0, 0, 0, 0, 0, 0, 0, 0}, 
  {0, 0, 0, 0, 0, 0, 0, 0, 0, 0, 0, 0, 0, 0, 0}, 
  {0, 0, 0, 0, 0, 0, 0, 0, 0, 0, 0, 0, 0, 0, 0}, 
  {0, 0, 0, 0, 0, 0, 0, 0, 0, 0, 0, 0, 0, 167, 204}
}, 
  {  {0, 0, 0, 0, 0, 0, 0, 0, 0, 0, 0, 0, 0, 0, 0}, 
  {0, 0, 0, 0, 0, 0, 0, 0, 0, 0, 0, 0, 0, 0, 0}, 
  {0, 0, 0, 0, 0, 0, 0, 0, 0, 0, 0, 0, 0, 0, 0}, 
  {0, 0, 0, 0, 0, 0, 0, 0, 0, 0, 0, 0, 0, 0, 0}, 
  {0, 0, 0, 0, 0, 0, 0, 0, 0, 0, 0, 0, 0, 0, 0}, 
  {0, 0, 0, 0, 0, 0, 0, 0, 0, 0, 0, 0, 0, 0, 0}, 
  {0, 0, 0, 0, 0, 0, 0, 0, 0, 0, 0, 0, 0, 0, 0}, 
  {0, 0, 0, 0, 0, 0, 0, 0, 0, 0, 0, 0, 0, 0, 0}, 
  {0, 0, 0, 0, 0, 0, 0, 0, 0, 0, 0, 0, 167, 204, 167}, 
  {0, 0, 0, 0, 0, 0, 0, 0, 0, 0, 0, 167, 167, 167, 167}
}, 
  {  {0, 0, 0, 0, 0, 0, 0, 0, 0, 0, 0, 0, 0, 0, 0}, 
  {0, 0, 0, 0, 0, 0, 0, 0, 0, 0, 0, 0, 0, 0, 0}, 
  {0, 0, 0, 0, 0, 0, 0, 0, 0, 0, 0, 0, 0, 0, 0}, 
  {0, 0, 0, 0, 0, 0, 0, 0, 0, 0, 0, 0, 0, 0, 0}, 
  {0, 0, 0, 0, 0, 0, 0, 0, 0, 0, 0, 0, 0, 0, 0}, 
  {0, 0, 0, 0, 0, 0, 0, 0, 0, 0, 0, 0, 0, 0, 0}, 
  {0, 0, 0, 0, 0, 0, 0, 0, 0, 0, 0, 0, 0, 0, 0}, 
  {0, 0, 0, 0, 0, 0, 0, 0, 0, 0, 0, 167, 204, 167, 0}, 
  {0, 0, 0, 0, 0, 0, 0, 0, 0, 167, 167, 167, 167, 167, 167}, 
  {0, 0, 0, 0, 0, 0, 0, 0, 0, 0, 204, 204, 204, 204, 204}
}, 
  {  {0, 0, 0, 0, 0, 0, 0, 0, 0, 0, 0, 0, 0, 0, 0}, 
  {0, 0, 0, 0, 0, 0, 0, 0, 0, 0, 0, 0, 0, 0, 0}, 
  {0, 0, 0, 0, 0, 0, 0, 0, 0, 0, 0, 0, 0, 0, 0}, 
  {0, 0, 0, 0, 0, 0, 0, 0, 0, 0, 0, 0, 0, 0, 0}, 
  {0, 0, 0, 0, 0, 0, 0, 0, 0, 0, 0, 0, 0, 0, 0}, 
  {0, 0, 0, 0, 0, 0, 0, 0, 0, 0, 0, 0, 0, 0, 0}, 
  {0, 0, 0, 0, 0, 0, 0, 0, 0, 0, 167, 203, 167, 0, 0}, 
  {0, 0, 0, 0, 0, 0, 0, 0, 203, 167, 0, 167, 203, 167, 167}, 
  {0, 0, 0, 0, 0, 0, 0, 0, 0, 203, 203, 203, 203, 203, 167}, 
  {0, 0, 0, 0, 0, 0, 0, 0, 167, 167, 167, 167, 167, 167, 167}
}
  {  {0, 0, 0, 0, 0, 0, 0, 0, 0, 0, 0, 0, 0, 0, 0}, 
  {0, 0, 0, 0, 0, 0, 0, 0, 0, 0, 0, 0, 0, 0, 0}, 
  {0, 0, 0, 0, 0, 0, 0, 0, 0, 0, 0, 0, 0, 0, 0}, 
  {0, 0, 0, 0, 0, 0, 0, 0, 0, 0, 0, 0, 0, 0, 0}, 
  {0, 0, 0, 0, 0, 0, 0, 0, 0, 0, 0, 0, 0, 0, 0}, 
  {0, 0, 0, 0, 0, 0, 0, 0, 0, 167, 203, 167, 0, 0, 0}, 
  {0, 0, 0, 0, 0, 0, 0, 0, 203, 203, 203, 203, 203, 0, 0}, 
  {0, 0, 0, 0, 0, 0, 0, 203, 167, 32, 167, 203, 203, 203, 0}, 
  {0, 0, 0, 0, 0, 0, 0, 203, 167, 167, 167, 203, 167, 167, 0}, 
  {0, 0, 0, 0, 0, 0, 0, 142, 25, 203, 203, 203, 203, 203, 0}
}
  {  {0, 0, 0, 0, 0, 0, 0, 0, 0, 0, 0, 0, 0, 0, 0}, 
  {0, 0, 0, 0, 0, 0, 0, 0, 0, 0, 0, 0, 0, 0, 0}, 
  {0, 0, 0, 0, 0, 0, 0, 0, 0, 0, 0, 0, 0, 0, 0}, 
  {0, 0, 0, 0, 0, 0, 0, 0, 0, 0, 0, 0, 0, 0, 0}, 
  {0, 0, 0, 0, 0, 0, 0, 0, 167, 204, 167, 0, 0, 0, 0}, 
  {0, 0, 0, 0, 0, 0, 0, 204, 204, 204, 204, 204, 0, 0, 0}, 
  {0, 0, 0, 0, 0, 0, 204, 167, 25, 167, 204, 204, 204, 0, 0}, 
  {0, 0, 0, 0, 0, 0, 204, 167, 167, 167, 204, 167, 167, 0, 0}, 
  {0, 0, 0, 0, 0, 0, 139, 20, 204, 204, 204, 204, 204, 0, 0}, 
  {0, 0, 0, 0, 0, 232, 232, 232, 232, 25, 25, 25, 232, 232, 0}
}
  {  {0, 0, 0, 0, 0, 0, 0, 0, 0, 0, 0, 0, 0, 0, 0}, 
  {0, 0, 0, 0, 0, 0, 0, 0, 0, 0, 0, 0, 0, 0, 0}, 
  {0, 0, 0, 0, 0, 0, 0, 0, 0, 0, 0, 0, 0, 0, 0}, 
  {0, 0, 0, 0, 0, 0, 0, 167, 203, 167, 0, 0, 0, 0, 0}, 
  {0, 0, 0, 0, 0, 0, 203, 203, 203, 203, 203, 0, 0, 0, 0}, 
  {0, 0, 0, 0, 0, 203, 167, 18, 167, 204, 203, 203, 0, 0, 0}, 
  {0, 0, 0, 0, 0, 203, 167, 167, 167, 203, 167, 167, 0, 0, 0}, 
  {0, 0, 0, 0, 0, 139, 14, 203, 203, 203, 203, 203, 0, 0, 0}, 
  {0, 0, 0, 0, 232, 232, 232, 232, 18, 18, 18, 232, 232, 0, 0}, 
  {0, 0, 0, 0, 232, 167, 232, 139, 232, 167, 232, 232, 232, 0, 0}
}
  {  {0, 0, 0, 0, 0, 0, 0, 0, 0, 0, 0, 0, 0, 0, 0}, 
  {0, 0, 0, 0, 0, 0, 0, 0, 0, 0, 0, 0, 0, 0, 0}, 
  {0, 0, 0, 0, 0, 0, 167, 202, 167, 0, 0, 0, 0, 0, 0}, 
  {0, 0, 0, 0, 0, 204, 204, 204, 204, 204, 0, 0, 0, 0, 0}, 
  {0, 0, 0, 0, 202, 167, 11, 167, 204, 204, 204, 0, 0, 0, 0}, 
  {0, 0, 0, 0, 202, 167, 167, 167, 202, 167, 167, 0, 0, 0, 0}, 
  {0, 0, 0, 0, 139, 9, 204, 204, 204, 204, 204, 0, 0, 0, 0}, 
  {0, 0, 0, 235, 235, 235, 226, 5, 5, 14, 235, 235, 0, 0, 0}, 
  {0, 0, 0, 232, 167, 231, 139, 232, 167, 235, 235, 235, 0, 0, 0}, 
  {0, 0, 0, 232, 167, 231, 139, 232, 167, 235, 235, 235, 0, 0, 0}
}
  {  {0, 0, 0, 0, 0, 0, 0, 0, 0, 0, 0, 0, 0, 0, 0}, 
  {0, 0, 0, 0, 0, 0, 0, 0, 0, 0, 0, 0, 0, 0, 0}, 
  {0, 0, 0, 0, 0, 0, 167, 202, 167, 0, 0, 0, 0, 0, 0}, 
  {0, 0, 0, 0, 0, 202, 202, 202, 202, 202, 0, 0, 0, 0, 0}, 
  {0, 0, 0, 0, 204, 204, 204, 204, 196, 6, 139, 0, 0, 0, 0}, 
  {0, 0, 0, 0, 202, 202, 202, 167, 11, 167, 202, 0, 0, 0, 0}, 
  {0, 0, 0, 0, 167, 167, 167, 167, 167, 167, 167, 0, 0, 0, 0}, 
  {0, 0, 0, 235, 235, 235, 226, 5, 5, 14, 235, 235, 0, 0, 0}, 
  {0, 0, 0, 232, 167, 231, 139, 232, 167, 235, 235, 235, 0, 0, 0}, 
  {0, 0, 0, 232, 167, 231, 139, 232, 167, 235, 235, 235, 0, 0, 0}
}
  {  {0, 0, 0, 0, 0, 0, 0, 0, 0, 0, 0, 0, 0, 0, 0}, 
  {0, 0, 0, 0, 0, 0, 0, 0, 0, 0, 0, 0, 0, 0, 0}, 
  {0, 0, 0, 0, 0, 0, 167, 202, 165, 0, 0, 0, 0, 0, 0}, 
  {0, 0, 0, 0, 0, 204, 204, 204, 204, 204, 0, 0, 0, 0, 0}, 
  {0, 0, 0, 0, 204, 204, 204, 159, 196, 6, 204, 0, 0, 0, 0}, 
  {0, 0, 0, 0, 165, 202, 202, 165, 165, 167, 204, 0, 0, 0, 0}, 
  {0, 0, 0, 0, 167, 167, 167, 167, 167, 167, 138, 0, 0, 0, 0}, 
  {0, 0, 0, 235, 235, 235, 226, 5, 5, 14, 235, 235, 0, 0, 0}, 
  {0, 0, 0, 232, 168, 231, 142, 232, 168, 235, 235, 235, 0, 0, 0}, 
  {0, 0, 0, 232, 168, 231, 142, 232, 168, 235, 235, 235, 0, 0, 0}
}
  {  {0, 0, 0, 0, 0, 0, 0, 0, 0, 0, 0, 0, 0, 0, 0}, 
  {0, 0, 0, 0, 0, 0, 0, 0, 0, 0, 0, 0, 0, 0, 0}, 
  {0, 0, 0, 0, 0, 0, 167, 202, 165, 0, 0, 0, 0, 0, 0}, 
  {0, 0, 0, 0, 0, 204, 204, 204, 204, 204, 0, 0, 0, 0, 0}, 
  {0, 0, 0, 0, 204, 204, 204, 159, 196, 6, 204, 0, 0, 0, 0}, 
  {0, 0, 0, 0, 165, 202, 202, 165, 165, 167, 204, 0, 0, 0, 0}, 
  {0, 0, 0, 0, 167, 167, 167, 167, 167, 167, 138, 0, 0, 0, 0}, 
  {0, 0, 0, 235, 235, 235, 226, 5, 5, 14, 235, 235, 0, 0, 0}, 
  {0, 0, 0, 232, 168, 231, 142, 232, 168, 235, 235, 235, 0, 0, 0}, 
  {0, 0, 0, 232, 168, 231, 142, 232, 168, 235, 235, 235, 0, 0, 0}
}
  {  {0, 0, 0, 0, 0, 0, 0, 0, 0, 0, 0, 0, 0, 0, 0}, 
  {0, 0, 0, 0, 0, 0, 0, 0, 0, 0, 0, 0, 0, 0, 0}, 
  {0, 0, 0, 0, 0, 0, 167, 202, 165, 0, 0, 0, 0, 0, 0}, 
  {0, 0, 0, 0, 0, 204, 204, 204, 204, 204, 0, 0, 0, 0, 0}, 
  {0, 0, 0, 0, 204, 204, 204, 159, 196, 6, 204, 0, 0, 0, 0}, 
  {0, 0, 0, 0, 165, 202, 202, 165, 165, 167, 204, 0, 0, 0, 0}, 
  {0, 0, 0, 0, 167, 167, 167, 167, 167, 167, 138, 0, 0, 0, 0}, 
  {0, 0, 0, 235, 235, 235, 226, 5, 5, 14, 235, 235, 0, 0, 0}, 
  {0, 0, 0, 232, 168, 231, 142, 232, 168, 235, 235, 235, 0, 0, 0}, 
  {0, 0, 0, 232, 168, 231, 142, 232, 168, 235, 235, 235, 0, 0, 0}
}
  {  {0, 0, 0, 0, 0, 0, 0, 0, 0, 0, 0, 0, 0, 0, 0}, 
  {0, 0, 0, 0, 0, 0, 0, 0, 0, 0, 0, 0, 0, 0, 0}, 
  {0, 0, 0, 0, 0, 0, 167, 202, 165, 0, 0, 0, 0, 0, 0}, 
  {0, 0, 0, 0, 0, 204, 204, 204, 204, 204, 0, 0, 0, 0, 0}, 
  {0, 0, 0, 0, 204, 204, 204, 159, 196, 6, 204, 0, 0, 0, 0}, 
  {0, 0, 0, 0, 165, 202, 202, 165, 165, 167, 204, 0, 0, 0, 0}, 
  {0, 0, 0, 0, 167, 167, 167, 167, 167, 167, 138, 0, 0, 0, 0}, 
  {0, 0, 0, 235, 235, 235, 226, 5, 5, 14, 235, 235, 0, 0, 0}, 
  {0, 0, 0, 232, 168, 231, 142, 232, 168, 235, 235, 235, 0, 0, 0}, 
  {0, 0, 0, 232, 168, 231, 142, 232, 168, 235, 235, 235, 0, 0, 0}
}
  {  {0, 0, 0, 0, 0, 0, 0, 0, 0, 0, 0, 0, 0, 0, 0}, 
  {0, 0, 0, 0, 0, 0, 0, 0, 0, 0, 0, 0, 0, 0, 0}, 
  {0, 0, 0, 0, 0, 0, 167, 202, 165, 0, 0, 0, 0, 0, 0}, 
  {0, 0, 0, 0, 0, 204, 204, 204, 204, 204, 0, 0, 0, 0, 0}, 
  {0, 0, 0, 0, 202, 159, 11, 167, 204, 204, 204, 0, 0, 0, 0}, 
  {0, 0, 0, 0, 167, 167, 167, 167, 167, 167, 167, 0, 0, 0, 0}, 
  {0, 0, 0, 0, 202, 165, 165, 167, 202, 165, 165, 0, 0, 0, 0}, 
  {0, 0, 0, 235, 235, 235, 226, 5, 5, 14, 235, 235, 0, 0, 0}, 
  {0, 0, 0, 232, 168, 231, 142, 232, 168, 235, 235, 235, 0, 0, 0}, 
  {0, 0, 0, 232, 168, 231, 142, 232, 168, 235, 235, 235, 0, 0, 0}
}
  {  {0, 0, 0, 0, 0, 0, 0, 0, 0, 0, 0, 0, 0, 0, 0}, 
  {0, 0, 0, 0, 0, 0, 0, 0, 0, 0, 0, 0, 0, 0, 0}, 
  {0, 0, 0, 0, 0, 0, 167, 202, 165, 0, 0, 0, 0, 0, 0}, 
  {0, 0, 0, 0, 0, 204, 204, 204, 204, 204, 0, 0, 0, 0, 0}, 
  {0, 0, 0, 0, 202, 159, 11, 167, 204, 204, 204, 0, 0, 0, 0}, 
  {0, 0, 0, 0, 167, 167, 167, 167, 167, 167, 167, 0, 0, 0, 0}, 
  {0, 0, 0, 0, 202, 165, 165, 167, 202, 165, 165, 0, 0, 0, 0}, 
  {0, 0, 0, 235, 235, 235, 226, 5, 5, 14, 235, 235, 0, 0, 0}, 
  {0, 0, 0, 232, 168, 231, 142, 232, 168, 235, 235, 235, 0, 0, 0}, 
  {0, 0, 0, 232, 168, 231, 142, 232, 168, 235, 235, 235, 0, 0, 0}
}
  {  {0, 0, 0, 0, 0, 0, 0, 0, 0, 0, 0, 0, 0, 0, 0}, 
  {0, 0, 0, 0, 0, 0, 0, 0, 0, 0, 0, 0, 0, 0, 0}, 
  {0, 0, 0, 0, 0, 0, 167, 202, 165, 0, 0, 0, 0, 0, 0}, 
  {0, 0, 0, 0, 0, 204, 204, 204, 204, 204, 0, 0, 0, 0, 0}, 
  {0, 0, 0, 0, 202, 159, 11, 167, 204, 204, 204, 0, 0, 0, 0}, 
  {0, 0, 0, 0, 167, 167, 167, 167, 167, 167, 167, 0, 0, 0, 0}, 
  {0, 0, 0, 0, 202, 165, 165, 167, 202, 165, 165, 0, 0, 0, 0}, 
  {0, 0, 0, 235, 235, 235, 226, 5, 5, 14, 235, 235, 0, 0, 0}, 
  {0, 0, 0, 232, 168, 231, 142, 232, 168, 235, 235, 235, 0, 0, 0}, 
  {0, 0, 0, 232, 168, 231, 142, 232, 168, 235, 235, 235, 0, 0, 0}
}
  {  {0, 0, 0, 0, 0, 0, 0, 0, 0, 0, 0, 0, 0, 0, 0}, 
  {0, 0, 0, 0, 0, 0, 0, 0, 0, 0, 0, 0, 0, 0, 0}, 
  {0, 0, 0, 0, 0, 0, 167, 202, 165, 0, 0, 0, 0, 0, 0}, 
  {0, 0, 0, 0, 0, 204, 204, 204, 204, 204, 0, 0, 0, 0, 0}, 
  {0, 0, 0, 0, 202, 159, 11, 167, 204, 204, 204, 0, 0, 0, 0}, 
  {0, 0, 0, 0, 167, 167, 167, 167, 167, 167, 167, 0, 0, 0, 0}, 
  {0, 0, 0, 0, 202, 165, 165, 167, 202, 165, 165, 0, 0, 0, 0}, 
  {0, 0, 0, 235, 235, 235, 226, 5, 5, 14, 235, 235, 0, 0, 0}, 
  {0, 0, 0, 232, 168, 231, 142, 232, 168, 235, 235, 235, 0, 0, 0}, 
  {0, 0, 0, 232, 168, 231, 142, 232, 168, 235, 235, 235, 0, 0, 0}
}
  {  {0, 0, 0, 0, 0, 0, 0, 0, 0, 0, 0, 0, 0, 0, 0}, 
  {0, 0, 0, 0, 0, 0, 0, 0, 0, 0, 0, 0, 0, 0, 0}, 
  {0, 0, 0, 0, 0, 0, 167, 202, 165, 0, 0, 0, 0, 0, 0}, 
  {0, 0, 0, 0, 0, 204, 204, 204, 204, 204, 0, 0, 0, 0, 0}, 
  {0, 0, 0, 0, 202, 159, 11, 167, 204, 204, 204, 0, 0, 0, 0}, 
  {0, 0, 0, 0, 167, 167, 167, 167, 167, 167, 167, 0, 0, 0, 0}, 
  {0, 0, 0, 0, 202, 165, 165, 167, 202, 165, 165, 0, 0, 0, 0}, 
  {0, 0, 0, 235, 235, 235, 226, 5, 5, 14, 235, 235, 0, 0, 0}, 
  {0, 0, 0, 232, 168, 231, 142, 232, 168, 235, 235, 235, 0, 0, 0}, 
  {0, 0, 0, 232, 168, 231, 142, 232, 168, 235, 235, 235, 0, 0, 0}
}
  {  {0, 0, 0, 0, 0, 0, 0, 0, 0, 0, 0, 0, 0, 0, 0}, 
  {0, 0, 0, 0, 0, 0, 0, 0, 0, 0, 0, 0, 0, 0, 0}, 
  {0, 0, 0, 0, 0, 0, 0, 0, 0, 0, 0, 0, 0, 0, 0}, 
  {0, 0, 0, 0, 0, 165, 204, 165, 0, 0, 0, 0, 0, 0, 0}, 
  {0, 0, 0, 0, 204, 204, 204, 204, 204, 0, 0, 0, 0, 0, 0}, 
  {0, 0, 0, 204, 165, 6, 164, 204, 204, 204, 0, 0, 0, 0, 0}, 
  {0, 0, 0, 204, 165, 165, 165, 204, 165, 165, 0, 0, 0, 0, 0}, 
  {0, 0, 0, 138, 1, 203, 204, 204, 204, 204, 0, 0, 0, 0, 0}, 
  {0, 0, 235, 235, 235, 235, 6, 5, 5, 234, 235, 0, 0, 0, 0}, 
  {0, 0, 235, 165, 235, 138, 235, 165, 235, 235, 235, 0, 0, 0, 0}
}
  {  {0, 0, 0, 0, 0, 0, 0, 0, 0, 0, 0, 0, 0, 0, 0}, 
  {0, 0, 0, 0, 0, 0, 0, 0, 0, 0, 0, 0, 0, 0, 0}, 
  {0, 0, 0, 0, 0, 0, 0, 0, 0, 0, 0, 0, 0, 0, 0}, 
  {0, 0, 0, 0, 0, 0, 0, 0, 0, 0, 0, 0, 0, 0, 0}, 
  {0, 0, 0, 0, 165, 202, 167, 0, 0, 0, 0, 0, 0, 0, 0}, 
  {0, 0, 0, 204, 204, 204, 204, 204, 0, 0, 0, 0, 0, 0, 0}, 
  {0, 0, 204, 167, 12, 158, 202, 204, 204, 0, 0, 0, 0, 0, 0}, 
  {0, 0, 204, 167, 165, 165, 202, 167, 165, 0, 0, 0, 0, 0, 0}, 
  {0, 0, 138, 7, 195, 204, 204, 204, 204, 0, 0, 0, 0, 0, 0}, 
  {0, 235, 235, 235, 235, 15, 5, 5, 225, 235, 0, 0, 0, 0, 0}
}
  {  {0, 0, 0, 0, 0, 0, 0, 0, 0, 0, 0, 0, 0, 0, 0}, 
  {0, 0, 0, 0, 0, 0, 0, 0, 0, 0, 0, 0, 0, 0, 0}, 
  {0, 0, 0, 0, 0, 0, 0, 0, 0, 0, 0, 0, 0, 0, 0}, 
  {0, 0, 0, 0, 0, 0, 0, 0, 0, 0, 0, 0, 0, 0, 0}, 
  {0, 0, 0, 0, 0, 0, 0, 0, 0, 0, 0, 0, 0, 0, 0}, 
  {0, 0, 0, 165, 201, 168, 0, 0, 0, 0, 0, 0, 0, 0, 0}, 
  {0, 0, 204, 204, 204, 204, 204, 0, 0, 0, 0, 0, 0, 0, 0}, 
  {0, 204, 168, 19, 151, 201, 204, 204, 0, 0, 0, 0, 0, 0, 0}, 
  {0, 204, 168, 165, 165, 201, 168, 165, 0, 0, 0, 0, 0, 0, 0}, 
  {0, 138, 13, 187, 204, 204, 204, 204, 0, 0, 0, 0, 0, 0, 0}
}
  {  {0, 0, 0, 0, 0, 0, 0, 0, 0, 0, 0, 0, 0, 0, 0}, 
  {0, 0, 0, 0, 0, 0, 0, 0, 0, 0, 0, 0, 0, 0, 0}, 
  {0, 0, 0, 0, 0, 0, 0, 0, 0, 0, 0, 0, 0, 0, 0}, 
  {0, 0, 0, 0, 0, 0, 0, 0, 0, 0, 0, 0, 0, 0, 0}, 
  {0, 0, 0, 0, 0, 0, 0, 0, 0, 0, 0, 0, 0, 0, 0}, 
  {0, 0, 0, 0, 0, 0, 0, 0, 0, 0, 0, 0, 0, 0, 0}, 
  {0, 0, 165, 199, 170, 0, 0, 0, 0, 0, 0, 0, 0, 0, 0}, 
  {0, 204, 204, 204, 204, 204, 0, 0, 0, 0, 0, 0, 0, 0, 0}, 
  {204, 170, 25, 145, 199, 204, 204, 0, 0, 0, 0, 0, 0, 0, 0}, 
  {204, 170, 165, 165, 199, 170, 165, 0, 0, 0, 0, 0, 0, 0, 0}
}
  {  {0, 0, 0, 0, 0, 0, 0, 0, 0, 0, 0, 0, 0, 0, 0}, 
  {0, 0, 0, 0, 0, 0, 0, 0, 0, 0, 0, 0, 0, 0, 0}, 
  {0, 0, 0, 0, 0, 0, 0, 0, 0, 0, 0, 0, 0, 0, 0}, 
  {0, 0, 0, 0, 0, 0, 0, 0, 0, 0, 0, 0, 0, 0, 0}, 
  {0, 0, 0, 0, 0, 0, 0, 0, 0, 0, 0, 0, 0, 0, 0}, 
  {0, 0, 0, 0, 0, 0, 0, 0, 0, 0, 0, 0, 0, 0, 0}, 
  {0, 0, 0, 0, 0, 0, 0, 0, 0, 0, 0, 0, 0, 0, 0}, 
  {0, 165, 198, 171, 0, 0, 0, 0, 0, 0, 0, 0, 0, 0, 0}, 
  {204, 204, 204, 204, 204, 0, 0, 0, 0, 0, 0, 0, 0, 0, 0}, 
  {172, 32, 139, 198, 204, 204, 0, 0, 0, 0, 0, 0, 0, 0, 0}
}
  {  {0, 0, 0, 0, 0, 0, 0, 0, 0, 0, 0, 0, 0, 0, 0}, 
  {0, 0, 0, 0, 0, 0, 0, 0, 0, 0, 0, 0, 0, 0, 0}, 
  {0, 0, 0, 0, 0, 0, 0, 0, 0, 0, 0, 0, 0, 0, 0}, 
  {0, 0, 0, 0, 0, 0, 0, 0, 0, 0, 0, 0, 0, 0, 0}, 
  {0, 0, 0, 0, 0, 0, 0, 0, 0, 0, 0, 0, 0, 0, 0}, 
  {0, 0, 0, 0, 0, 0, 0, 0, 0, 0, 0, 0, 0, 0, 0}, 
  {0, 0, 0, 0, 0, 0, 0, 0, 0, 0, 0, 0, 0, 0, 0}, 
  {0, 0, 0, 0, 0, 0, 0, 0, 0, 0, 0, 0, 0, 0, 0}, 
  {165, 196, 173, 0, 0, 0, 0, 0, 0, 0, 0, 0, 0, 0, 0}, 
  {204, 204, 204, 204, 0, 0, 0, 0, 0, 0, 0, 0, 0, 0, 0}
}
  {  {0, 0, 0, 0, 0, 0, 0, 0, 0, 0, 0, 0, 0, 0, 0}, 
  {0, 0, 0, 0, 0, 0, 0, 0, 0, 0, 0, 0, 0, 0, 0}, 
  {0, 0, 0, 0, 0, 0, 0, 0, 0, 0, 0, 0, 0, 0, 0}, 
  {0, 0, 0, 0, 0, 0, 0, 0, 0, 0, 0, 0, 0, 0, 0}, 
  {0, 0, 0, 0, 0, 0, 0, 0, 0, 0, 0, 0, 0, 0, 0}, 
  {0, 0, 0, 0, 0, 0, 0, 0, 0, 0, 0, 0, 0, 0, 0}, 
  {0, 0, 0, 0, 0, 0, 0, 0, 0, 0, 0, 0, 0, 0, 0}, 
  {0, 0, 0, 0, 0, 0, 0, 0, 0, 0, 0, 0, 0, 0, 0}, 
  {0, 0, 0, 0, 0, 0, 0, 0, 0, 0, 0, 0, 0, 0, 0}, 
  {194, 175, 0, 0, 0, 0, 0, 0, 0, 0, 0, 0, 0, 0, 0}
}
  {  {0, 0, 0, 0, 0, 0, 0, 0, 0, 0, 0, 0, 0, 0, 0}, 
  {0, 0, 0, 0, 0, 0, 0, 0, 0, 0, 0, 0, 0, 0, 0}, 
  {0, 0, 0, 0, 0, 0, 0, 0, 0, 0, 0, 0, 0, 0, 0}, 
  {0, 0, 0, 0, 0, 0, 0, 0, 0, 0, 0, 0, 0, 0, 0}, 
  {0, 0, 0, 0, 0, 0, 0, 0, 0, 0, 0, 0, 0, 0, 0}, 
  {0, 0, 0, 0, 0, 0, 0, 0, 0, 0, 0, 0, 0, 0, 0}, 
  {0, 0, 0, 0, 0, 0, 0, 0, 0, 0, 0, 0, 0, 0, 0}, 
  {0, 0, 0, 0, 0, 0, 0, 0, 0, 0, 0, 0, 0, 0, 0}, 
  {0, 0, 0, 0, 0, 0, 0, 0, 0, 0, 0, 0, 0, 0, 0}, 
  {0, 0, 0, 0, 0, 0, 0, 0, 0, 0, 0, 0, 0, 0, 0}
}
  {  {0, 0, 0, 0, 0, 0, 0, 0, 0, 0, 0, 0, 0, 0, 0}, 
  {0, 0, 0, 0, 0, 0, 0, 0, 0, 0, 0, 0, 0, 0, 0}, 
  {0, 0, 0, 0, 0, 0, 0, 0, 0, 0, 0, 0, 0, 0, 0}, 
  {0, 0, 0, 0, 0, 0, 0, 0, 0, 0, 0, 0, 0, 0, 0}, 
  {0, 0, 0, 0, 0, 0, 0, 0, 0, 0, 0, 0, 0, 0, 0}, 
  {0, 0, 0, 0, 0, 0, 0, 0, 0, 0, 0, 0, 0, 0, 0}, 
  {0, 0, 0, 0, 0, 0, 0, 0, 0, 0, 0, 0, 0, 0, 0}, 
  {0, 0, 0, 0, 0, 0, 0, 0, 0, 0, 0, 0, 0, 0, 0}, 
  {0, 0, 0, 0, 0, 0, 0, 0, 0, 0, 0, 0, 0, 0, 0}, 
  {0, 0, 0, 0, 0, 0, 0, 0, 0, 0, 0, 0, 0, 0, 0}
}
  {  {0, 0, 0, 0, 0, 0, 0, 0, 0, 0, 0, 0, 0, 0, 0}, 
  {0, 0, 0, 0, 0, 0, 0, 0, 0, 0, 0, 0, 0, 0, 0}, 
  {0, 0, 0, 0, 0, 0, 0, 0, 0, 0, 0, 0, 0, 0, 0}, 
  {0, 0, 0, 0, 0, 0, 0, 0, 0, 0, 0, 0, 0, 0, 0}, 
  {0, 0, 0, 0, 0, 0, 0, 0, 0, 0, 0, 0, 0, 0, 0}, 
  {0, 0, 0, 0, 0, 0, 0, 0, 0, 0, 0, 0, 0, 0, 0}, 
  {0, 0, 0, 0, 0, 0, 0, 0, 0, 0, 0, 0, 0, 0, 0}, 
  {0, 0, 0, 0, 0, 0, 0, 0, 0, 0, 0, 0, 0, 0, 0}, 
  {0, 0, 0, 0, 0, 0, 0, 0, 0, 0, 0, 0, 0, 0, 0}, 
  {0, 0, 0, 0, 0, 0, 0, 0, 0, 0, 0, 0, 0, 0, 0}
}
  {  {0, 0, 0, 0, 0, 0, 0, 0, 0, 0, 0, 0, 0, 0, 0}, 
  {0, 0, 0, 0, 0, 0, 0, 0, 0, 0, 0, 0, 0, 0, 0}, 
  {0, 0, 0, 0, 0, 0, 0, 0, 0, 0, 0, 0, 0, 0, 0}, 
  {0, 0, 0, 0, 0, 0, 0, 0, 0, 0, 0, 0, 0, 0, 0}, 
  {0, 0, 0, 0, 0, 0, 0, 0, 0, 0, 0, 0, 0, 0, 0}, 
  {0, 0, 0, 0, 0, 0, 0, 0, 0, 0, 0, 0, 0, 0, 0}, 
  {0, 0, 0, 0, 0, 0, 0, 0, 0, 0, 0, 0, 0, 0, 0}, 
  {0, 0, 0, 0, 0, 0, 0, 0, 0, 0, 0, 0, 0, 0, 0}, 
  {0, 0, 0, 0, 0, 0, 0, 0, 0, 0, 0, 0, 0, 0, 0}, 
  {0, 0, 0, 0, 0, 0, 0, 0, 0, 0, 0, 0, 0, 0, 0}
}
  {  {0, 0, 0, 0, 0, 0, 0, 0, 0, 0, 0, 0, 0, 0, 0}, 
  {0, 0, 0, 0, 0, 0, 0, 0, 0, 0, 0, 0, 0, 0, 0}, 
  {0, 0, 0, 0, 0, 0, 0, 0, 0, 0, 0, 0, 0, 0, 0}, 
  {0, 0, 0, 0, 0, 0, 0, 0, 0, 0, 0, 0, 0, 0, 0}, 
  {0, 0, 0, 0, 0, 0, 0, 0, 0, 0, 0, 0, 0, 0, 0}, 
  {0, 0, 0, 0, 0, 0, 0, 0, 0, 0, 0, 0, 0, 0, 0}, 
  {0, 0, 0, 0, 0, 0, 0, 0, 0, 0, 0, 0, 0, 0, 0}, 
  {0, 0, 0, 0, 0, 0, 0, 0, 0, 0, 0, 0, 0, 0, 0}, 
  {0, 0, 0, 0, 0, 0, 0, 0, 0, 0, 0, 0, 0, 0, 0}, 
  {0, 0, 0, 0, 0, 0, 0, 0, 0, 0, 0, 0, 0, 0, 0}
}
