byte tigerboticsscrollgif_blues[100][10][15]=
  {  {0, 0, 0, 0, 0, 0, 0, 0, 0, 0, 0, 0, 0, 0, 0}, 
  {0, 0, 0, 0, 0, 0, 0, 0, 0, 0, 0, 0, 0, 0, 0}, 
  {0, 255, 255, 255, 0, 255, 0, 255, 255, 255, 0, 255, 255, 255, 0}, 
  {0, 0, 255, 0, 0, 255, 0, 255, 0, 0, 0, 255, 0, 0, 0}, 
  {0, 0, 255, 0, 0, 255, 0, 255, 0, 0, 0, 255, 255, 255, 0}, 
  {0, 0, 255, 0, 0, 255, 0, 255, 0, 255, 0, 255, 0, 0, 0}, 
  {0, 0, 255, 0, 0, 255, 0, 255, 0, 255, 0, 255, 0, 0, 0}, 
  {0, 0, 255, 0, 0, 255, 0, 255, 255, 255, 0, 255, 255, 255, 0}, 
  {0, 0, 0, 0, 0, 0, 0, 0, 0, 0, 0, 0, 0, 0, 0}, 
  {0, 0, 0, 0, 0, 0, 0, 0, 0, 0, 0, 0, 0, 0, 0}
}, 
  {  {0, 0, 0, 0, 0, 0, 0, 0, 0, 0, 0, 0, 0, 0, 0}, 
  {0, 0, 0, 0, 0, 0, 0, 0, 0, 0, 0, 0, 0, 0, 0}, 
  {255, 255, 255, 0, 255, 0, 255, 255, 255, 0, 255, 255, 255, 0, 255}, 
  {0, 255, 0, 0, 255, 0, 255, 0, 0, 0, 255, 0, 0, 0, 255}, 
  {0, 255, 0, 0, 255, 0, 255, 0, 0, 0, 255, 255, 255, 0, 255}, 
  {0, 255, 0, 0, 255, 0, 255, 0, 255, 0, 255, 0, 0, 0, 255}, 
  {0, 255, 0, 0, 255, 0, 255, 0, 255, 0, 255, 0, 0, 0, 255}, 
  {0, 255, 0, 0, 255, 0, 255, 255, 255, 0, 255, 255, 255, 0, 255}, 
  {0, 0, 0, 0, 0, 0, 0, 0, 0, 0, 0, 0, 0, 0, 0}, 
  {0, 0, 0, 0, 0, 0, 0, 0, 0, 0, 0, 0, 0, 0, 0}
}, 
  {  {0, 0, 0, 0, 0, 0, 0, 0, 0, 0, 0, 0, 0, 0, 0}, 
  {0, 0, 0, 0, 0, 0, 0, 0, 0, 0, 0, 0, 0, 0, 0}, 
  {255, 255, 0, 255, 0, 255, 255, 255, 0, 255, 255, 255, 0, 255, 255}, 
  {255, 0, 0, 255, 0, 255, 0, 0, 0, 255, 0, 0, 0, 255, 0}, 
  {255, 0, 0, 255, 0, 255, 0, 0, 0, 255, 255, 255, 0, 255, 255}, 
  {255, 0, 0, 255, 0, 255, 0, 255, 0, 255, 0, 0, 0, 255, 255}, 
  {255, 0, 0, 255, 0, 255, 0, 255, 0, 255, 0, 0, 0, 255, 0}, 
  {255, 0, 0, 255, 0, 255, 255, 255, 0, 255, 255, 255, 0, 255, 0}, 
  {0, 0, 0, 0, 0, 0, 0, 0, 0, 0, 0, 0, 0, 0, 0}, 
  {0, 0, 0, 0, 0, 0, 0, 0, 0, 0, 0, 0, 0, 0, 0}
}, 
  {  {0, 0, 0, 0, 0, 0, 0, 0, 0, 0, 0, 0, 0, 0, 0}, 
  {0, 0, 0, 0, 0, 0, 0, 0, 0, 0, 0, 0, 0, 0, 0}, 
  {255, 0, 255, 0, 255, 255, 255, 0, 255, 255, 255, 0, 255, 255, 255}, 
  {0, 0, 255, 0, 255, 0, 0, 0, 255, 0, 0, 0, 255, 0, 255}, 
  {0, 0, 255, 0, 255, 0, 0, 0, 255, 255, 255, 0, 255, 255, 255}, 
  {0, 0, 255, 0, 255, 0, 255, 0, 255, 0, 0, 0, 255, 255, 0}, 
  {0, 0, 255, 0, 255, 0, 255, 0, 255, 0, 0, 0, 255, 0, 255}, 
  {0, 0, 255, 0, 255, 255, 255, 0, 255, 255, 255, 0, 255, 0, 255}, 
  {0, 0, 0, 0, 0, 0, 0, 0, 0, 0, 0, 0, 0, 0, 0}, 
  {0, 0, 0, 0, 0, 0, 0, 0, 0, 0, 0, 0, 0, 0, 0}
}, 
  {  {0, 0, 0, 0, 0, 0, 0, 0, 0, 0, 0, 0, 0, 0, 0}, 
  {0, 0, 0, 0, 0, 0, 0, 0, 0, 0, 0, 0, 0, 0, 0}, 
  {0, 255, 0, 255, 255, 255, 0, 255, 255, 255, 0, 255, 255, 255, 0}, 
  {0, 255, 0, 255, 0, 0, 0, 255, 0, 0, 0, 255, 0, 255, 0}, 
  {0, 255, 0, 255, 0, 0, 0, 255, 255, 255, 0, 255, 255, 255, 0}, 
  {0, 255, 0, 255, 0, 255, 0, 255, 0, 0, 0, 255, 255, 0, 0}, 
  {0, 255, 0, 255, 0, 255, 0, 255, 0, 0, 0, 255, 0, 255, 0}, 
  {0, 255, 0, 255, 255, 255, 0, 255, 255, 255, 0, 255, 0, 255, 0}, 
  {0, 0, 0, 0, 0, 0, 0, 0, 0, 0, 0, 0, 0, 0, 0}, 
  {0, 0, 0, 0, 0, 0, 0, 0, 0, 0, 0, 0, 0, 0, 0}
}, 
  {  {0, 0, 0, 0, 0, 0, 0, 0, 0, 0, 0, 0, 0, 0, 0}, 
  {0, 0, 0, 0, 0, 0, 0, 0, 0, 0, 0, 0, 0, 0, 0}, 
  {255, 0, 255, 255, 255, 0, 255, 255, 255, 0, 255, 255, 255, 0, 255}, 
  {255, 0, 255, 0, 0, 0, 255, 0, 0, 0, 255, 0, 255, 0, 255}, 
  {255, 0, 255, 0, 0, 0, 255, 255, 255, 0, 255, 255, 255, 0, 255}, 
  {255, 0, 255, 0, 255, 0, 255, 0, 0, 0, 255, 255, 0, 0, 255}, 
  {255, 0, 255, 0, 255, 0, 255, 0, 0, 0, 255, 0, 255, 0, 255}, 
  {255, 0, 255, 255, 255, 0, 255, 255, 255, 0, 255, 0, 255, 0, 255}, 
  {0, 0, 0, 0, 0, 0, 0, 0, 0, 0, 0, 0, 0, 0, 0}, 
  {0, 0, 0, 0, 0, 0, 0, 0, 0, 0, 0, 0, 0, 0, 0}
}, 
  {  {0, 0, 0, 0, 0, 0, 0, 0, 0, 0, 0, 0, 0, 0, 0}, 
  {0, 0, 0, 0, 0, 0, 0, 0, 0, 0, 0, 0, 0, 0, 0}, 
  {0, 255, 255, 255, 0, 255, 255, 255, 0, 255, 255, 255, 0, 255, 255}, 
  {0, 255, 0, 0, 0, 255, 0, 0, 0, 255, 0, 255, 0, 255, 0}, 
  {0, 255, 0, 0, 0, 255, 255, 255, 0, 255, 255, 255, 0, 255, 255}, 
  {0, 255, 0, 255, 0, 255, 0, 0, 0, 255, 255, 0, 0, 255, 0}, 
  {0, 255, 0, 255, 0, 255, 0, 0, 0, 255, 0, 255, 0, 255, 0}, 
  {0, 255, 255, 255, 0, 255, 255, 255, 0, 255, 0, 255, 0, 255, 255}, 
  {0, 0, 0, 0, 0, 0, 0, 0, 0, 0, 0, 0, 0, 0, 0}, 
  {0, 0, 0, 0, 0, 0, 0, 0, 0, 0, 0, 0, 0, 0, 0}
}, 
  {  {0, 0, 0, 0, 0, 0, 0, 0, 0, 0, 0, 0, 0, 0, 0}, 
  {0, 0, 0, 0, 0, 0, 0, 0, 0, 0, 0, 0, 0, 0, 0}, 
  {255, 255, 255, 0, 255, 255, 255, 0, 255, 255, 255, 0, 255, 255, 255}, 
  {255, 0, 0, 0, 255, 0, 0, 0, 255, 0, 255, 0, 255, 0, 255}, 
  {255, 0, 0, 0, 255, 255, 255, 0, 255, 255, 255, 0, 255, 255, 255}, 
  {255, 0, 255, 0, 255, 0, 0, 0, 255, 255, 0, 0, 255, 0, 255}, 
  {255, 0, 255, 0, 255, 0, 0, 0, 255, 0, 255, 0, 255, 0, 255}, 
  {255, 255, 255, 0, 255, 255, 255, 0, 255, 0, 255, 0, 255, 255, 255}, 
  {0, 0, 0, 0, 0, 0, 0, 0, 0, 0, 0, 0, 0, 0, 0}, 
  {0, 0, 0, 0, 0, 0, 0, 0, 0, 0, 0, 0, 0, 0, 0}
}, 
  {  {0, 0, 0, 0, 0, 0, 0, 0, 0, 0, 0, 0, 0, 0, 0}, 
  {0, 0, 0, 0, 0, 0, 0, 0, 0, 0, 0, 0, 0, 0, 0}, 
  {255, 255, 0, 255, 255, 255, 0, 255, 255, 255, 0, 255, 255, 255, 0}, 
  {0, 0, 0, 255, 0, 0, 0, 255, 0, 255, 0, 255, 0, 255, 0}, 
  {0, 0, 0, 255, 255, 255, 0, 255, 255, 255, 0, 255, 255, 255, 0}, 
  {0, 255, 0, 255, 0, 0, 0, 255, 255, 0, 0, 255, 0, 255, 0}, 
  {0, 255, 0, 255, 0, 0, 0, 255, 0, 255, 0, 255, 0, 255, 0}, 
  {255, 255, 0, 255, 255, 255, 0, 255, 0, 255, 0, 255, 255, 255, 0}, 
  {0, 0, 0, 0, 0, 0, 0, 0, 0, 0, 0, 0, 0, 0, 0}, 
  {0, 0, 0, 0, 0, 0, 0, 0, 0, 0, 0, 0, 0, 0, 0}
}, 
  {  {0, 0, 0, 0, 0, 0, 0, 0, 0, 0, 0, 0, 0, 0, 0}, 
  {0, 0, 0, 0, 0, 0, 0, 0, 0, 0, 0, 0, 0, 0, 0}, 
  {255, 0, 255, 255, 255, 0, 255, 255, 255, 0, 255, 255, 255, 0, 255}, 
  {0, 0, 255, 0, 0, 0, 255, 0, 255, 0, 255, 0, 255, 0, 255}, 
  {0, 0, 255, 255, 255, 0, 255, 255, 255, 0, 255, 255, 255, 0, 255}, 
  {255, 0, 255, 0, 0, 0, 255, 255, 0, 0, 255, 0, 255, 0, 255}, 
  {255, 0, 255, 0, 0, 0, 255, 0, 255, 0, 255, 0, 255, 0, 255}, 
  {255, 0, 255, 255, 255, 0, 255, 0, 255, 0, 255, 255, 255, 0, 255}, 
  {0, 0, 0, 0, 0, 0, 0, 0, 0, 0, 0, 0, 0, 0, 0}, 
  {0, 0, 0, 0, 0, 0, 0, 0, 0, 0, 0, 0, 0, 0, 0}
}
  {  {0, 0, 0, 0, 0, 0, 0, 0, 0, 0, 0, 0, 0, 0, 0}, 
  {0, 0, 0, 0, 0, 0, 0, 0, 0, 0, 0, 0, 0, 0, 0}, 
  {0, 255, 255, 255, 0, 255, 255, 255, 0, 255, 255, 255, 0, 255, 255}, 
  {0, 255, 0, 0, 0, 255, 0, 255, 0, 255, 0, 255, 0, 255, 0}, 
  {0, 255, 255, 255, 0, 255, 255, 255, 0, 255, 255, 255, 0, 255, 0}, 
  {0, 255, 0, 0, 0, 255, 255, 0, 0, 255, 0, 255, 0, 255, 0}, 
  {0, 255, 0, 0, 0, 255, 0, 255, 0, 255, 0, 255, 0, 255, 0}, 
  {0, 255, 255, 255, 0, 255, 0, 255, 0, 255, 255, 255, 0, 255, 255}, 
  {0, 0, 0, 0, 0, 0, 0, 0, 0, 0, 0, 0, 0, 0, 0}, 
  {0, 0, 0, 0, 0, 0, 0, 0, 0, 0, 0, 0, 0, 0, 0}
}
  {  {0, 0, 0, 0, 0, 0, 0, 0, 0, 0, 0, 0, 0, 0, 0}, 
  {0, 0, 0, 0, 0, 0, 0, 0, 0, 0, 0, 0, 0, 0, 0}, 
  {255, 255, 255, 0, 255, 255, 255, 0, 255, 255, 255, 0, 255, 255, 255}, 
  {255, 0, 0, 0, 255, 0, 255, 0, 255, 0, 255, 0, 255, 0, 255}, 
  {255, 255, 255, 0, 255, 255, 255, 0, 255, 255, 255, 0, 255, 0, 255}, 
  {255, 0, 0, 0, 255, 255, 0, 0, 255, 0, 255, 0, 255, 0, 255}, 
  {255, 0, 0, 0, 255, 0, 255, 0, 255, 0, 255, 0, 255, 0, 255}, 
  {255, 255, 255, 0, 255, 0, 255, 0, 255, 255, 255, 0, 255, 255, 255}, 
  {0, 0, 0, 0, 0, 0, 0, 0, 0, 0, 0, 0, 0, 0, 0}, 
  {0, 0, 0, 0, 0, 0, 0, 0, 0, 0, 0, 0, 0, 0, 0}
}
  {  {0, 0, 0, 0, 0, 0, 0, 0, 0, 0, 0, 0, 0, 0, 0}, 
  {0, 0, 0, 0, 0, 0, 0, 0, 0, 0, 0, 0, 0, 0, 0}, 
  {255, 255, 0, 255, 255, 255, 0, 255, 255, 255, 0, 255, 255, 255, 0}, 
  {0, 0, 0, 255, 0, 255, 0, 255, 0, 255, 0, 255, 0, 255, 0}, 
  {255, 255, 0, 255, 255, 255, 0, 255, 255, 255, 0, 255, 0, 255, 0}, 
  {0, 0, 0, 255, 255, 0, 0, 255, 0, 255, 0, 255, 0, 255, 0}, 
  {0, 0, 0, 255, 0, 255, 0, 255, 0, 255, 0, 255, 0, 255, 0}, 
  {255, 255, 0, 255, 0, 255, 0, 255, 255, 255, 0, 255, 255, 255, 0}, 
  {0, 0, 0, 0, 0, 0, 0, 0, 0, 0, 0, 0, 0, 0, 0}, 
  {0, 0, 0, 0, 0, 0, 0, 0, 0, 0, 0, 0, 0, 0, 0}
}
  {  {0, 0, 0, 0, 0, 0, 0, 0, 0, 0, 0, 0, 0, 0, 0}, 
  {0, 0, 0, 0, 0, 0, 0, 0, 0, 0, 0, 0, 0, 0, 0}, 
  {255, 0, 255, 255, 255, 0, 255, 255, 255, 0, 255, 255, 255, 0, 255}, 
  {0, 0, 255, 0, 255, 0, 255, 0, 255, 0, 255, 0, 255, 0, 0}, 
  {255, 0, 255, 255, 255, 0, 255, 255, 255, 0, 255, 0, 255, 0, 0}, 
  {0, 0, 255, 255, 0, 0, 255, 0, 255, 0, 255, 0, 255, 0, 0}, 
  {0, 0, 255, 0, 255, 0, 255, 0, 255, 0, 255, 0, 255, 0, 0}, 
  {255, 0, 255, 0, 255, 0, 255, 255, 255, 0, 255, 255, 255, 0, 0}, 
  {0, 0, 0, 0, 0, 0, 0, 0, 0, 0, 0, 0, 0, 0, 0}, 
  {0, 0, 0, 0, 0, 0, 0, 0, 0, 0, 0, 0, 0, 0, 0}
}
  {  {0, 0, 0, 0, 0, 0, 0, 0, 0, 0, 0, 0, 0, 0, 0}, 
  {0, 0, 0, 0, 0, 0, 0, 0, 0, 0, 0, 0, 0, 0, 0}, 
  {0, 255, 255, 255, 0, 255, 255, 255, 0, 255, 255, 255, 0, 255, 255}, 
  {0, 255, 0, 255, 0, 255, 0, 255, 0, 255, 0, 255, 0, 0, 255}, 
  {0, 255, 255, 255, 0, 255, 255, 255, 0, 255, 0, 255, 0, 0, 255}, 
  {0, 255, 255, 0, 0, 255, 0, 255, 0, 255, 0, 255, 0, 0, 255}, 
  {0, 255, 0, 255, 0, 255, 0, 255, 0, 255, 0, 255, 0, 0, 255}, 
  {0, 255, 0, 255, 0, 255, 255, 255, 0, 255, 255, 255, 0, 0, 255}, 
  {0, 0, 0, 0, 0, 0, 0, 0, 0, 0, 0, 0, 0, 0, 0}, 
  {0, 0, 0, 0, 0, 0, 0, 0, 0, 0, 0, 0, 0, 0, 0}
}
  {  {0, 0, 0, 0, 0, 0, 0, 0, 0, 0, 0, 0, 0, 0, 0}, 
  {0, 0, 0, 0, 0, 0, 0, 0, 0, 0, 0, 0, 0, 0, 0}, 
  {255, 255, 255, 0, 255, 255, 255, 0, 255, 255, 255, 0, 255, 255, 255}, 
  {255, 0, 255, 0, 255, 0, 255, 0, 255, 0, 255, 0, 0, 255, 0}, 
  {255, 255, 255, 0, 255, 255, 255, 0, 255, 0, 255, 0, 0, 255, 0}, 
  {255, 255, 0, 0, 255, 0, 255, 0, 255, 0, 255, 0, 0, 255, 0}, 
  {255, 0, 255, 0, 255, 0, 255, 0, 255, 0, 255, 0, 0, 255, 0}, 
  {255, 0, 255, 0, 255, 255, 255, 0, 255, 255, 255, 0, 0, 255, 0}, 
  {0, 0, 0, 0, 0, 0, 0, 0, 0, 0, 0, 0, 0, 0, 0}, 
  {0, 0, 0, 0, 0, 0, 0, 0, 0, 0, 0, 0, 0, 0, 0}
}
  {  {0, 0, 0, 0, 0, 0, 0, 0, 0, 0, 0, 0, 0, 0, 0}, 
  {0, 0, 0, 0, 0, 0, 0, 0, 0, 0, 0, 0, 0, 0, 0}, 
  {255, 255, 0, 255, 255, 255, 0, 255, 255, 255, 0, 255, 255, 255, 0}, 
  {0, 255, 0, 255, 0, 255, 0, 255, 0, 255, 0, 0, 255, 0, 0}, 
  {255, 255, 0, 255, 255, 255, 0, 255, 0, 255, 0, 0, 255, 0, 0}, 
  {255, 0, 0, 255, 0, 255, 0, 255, 0, 255, 0, 0, 255, 0, 0}, 
  {0, 255, 0, 255, 0, 255, 0, 255, 0, 255, 0, 0, 255, 0, 0}, 
  {0, 255, 0, 255, 255, 255, 0, 255, 255, 255, 0, 0, 255, 0, 0}, 
  {0, 0, 0, 0, 0, 0, 0, 0, 0, 0, 0, 0, 0, 0, 0}, 
  {0, 0, 0, 0, 0, 0, 0, 0, 0, 0, 0, 0, 0, 0, 0}
}
  {  {0, 0, 0, 0, 0, 0, 0, 0, 0, 0, 0, 0, 0, 0, 0}, 
  {0, 0, 0, 0, 0, 0, 0, 0, 0, 0, 0, 0, 0, 0, 0}, 
  {255, 0, 255, 255, 255, 0, 255, 255, 255, 0, 255, 255, 255, 0, 255}, 
  {255, 0, 255, 0, 255, 0, 255, 0, 255, 0, 0, 255, 0, 0, 255}, 
  {255, 0, 255, 255, 255, 0, 255, 0, 255, 0, 0, 255, 0, 0, 255}, 
  {0, 0, 255, 0, 255, 0, 255, 0, 255, 0, 0, 255, 0, 0, 255}, 
  {255, 0, 255, 0, 255, 0, 255, 0, 255, 0, 0, 255, 0, 0, 255}, 
  {255, 0, 255, 255, 255, 0, 255, 255, 255, 0, 0, 255, 0, 0, 255}, 
  {0, 0, 0, 0, 0, 0, 0, 0, 0, 0, 0, 0, 0, 0, 0}, 
  {0, 0, 0, 0, 0, 0, 0, 0, 0, 0, 0, 0, 0, 0, 0}
}
  {  {0, 0, 0, 0, 0, 0, 0, 0, 0, 0, 0, 0, 0, 0, 0}, 
  {0, 0, 0, 0, 0, 0, 0, 0, 0, 0, 0, 0, 0, 0, 0}, 
  {0, 255, 255, 255, 0, 255, 255, 255, 0, 255, 255, 255, 0, 255, 0}, 
  {0, 255, 0, 255, 0, 255, 0, 255, 0, 0, 255, 0, 0, 255, 0}, 
  {0, 255, 255, 255, 0, 255, 0, 255, 0, 0, 255, 0, 0, 255, 0}, 
  {0, 255, 0, 255, 0, 255, 0, 255, 0, 0, 255, 0, 0, 255, 0}, 
  {0, 255, 0, 255, 0, 255, 0, 255, 0, 0, 255, 0, 0, 255, 0}, 
  {0, 255, 255, 255, 0, 255, 255, 255, 0, 0, 255, 0, 0, 255, 0}, 
  {0, 0, 0, 0, 0, 0, 0, 0, 0, 0, 0, 0, 0, 0, 0}, 
  {0, 0, 0, 0, 0, 0, 0, 0, 0, 0, 0, 0, 0, 0, 0}
}
  {  {0, 0, 0, 0, 0, 0, 0, 0, 0, 0, 0, 0, 0, 0, 0}, 
  {0, 0, 0, 0, 0, 0, 0, 0, 0, 0, 0, 0, 0, 0, 0}, 
  {255, 255, 255, 0, 255, 255, 255, 0, 255, 255, 255, 0, 255, 0, 255}, 
  {255, 0, 255, 0, 255, 0, 255, 0, 0, 255, 0, 0, 255, 0, 255}, 
  {255, 255, 255, 0, 255, 0, 255, 0, 0, 255, 0, 0, 255, 0, 255}, 
  {255, 0, 255, 0, 255, 0, 255, 0, 0, 255, 0, 0, 255, 0, 255}, 
  {255, 0, 255, 0, 255, 0, 255, 0, 0, 255, 0, 0, 255, 0, 255}, 
  {255, 255, 255, 0, 255, 255, 255, 0, 0, 255, 0, 0, 255, 0, 255}, 
  {0, 0, 0, 0, 0, 0, 0, 0, 0, 0, 0, 0, 0, 0, 0}, 
  {0, 0, 0, 0, 0, 0, 0, 0, 0, 0, 0, 0, 0, 0, 0}
}
  {  {0, 0, 0, 0, 0, 0, 0, 0, 0, 0, 0, 0, 0, 0, 0}, 
  {0, 0, 0, 0, 0, 0, 0, 0, 0, 0, 0, 0, 0, 0, 0}, 
  {255, 255, 0, 255, 255, 255, 0, 255, 255, 255, 0, 255, 0, 255, 255}, 
  {0, 255, 0, 255, 0, 255, 0, 0, 255, 0, 0, 255, 0, 255, 0}, 
  {255, 255, 0, 255, 0, 255, 0, 0, 255, 0, 0, 255, 0, 255, 0}, 
  {0, 255, 0, 255, 0, 255, 0, 0, 255, 0, 0, 255, 0, 255, 0}, 
  {0, 255, 0, 255, 0, 255, 0, 0, 255, 0, 0, 255, 0, 255, 0}, 
  {255, 255, 0, 255, 255, 255, 0, 0, 255, 0, 0, 255, 0, 255, 255}, 
  {0, 0, 0, 0, 0, 0, 0, 0, 0, 0, 0, 0, 0, 0, 0}, 
  {0, 0, 0, 0, 0, 0, 0, 0, 0, 0, 0, 0, 0, 0, 0}
}
  {  {0, 0, 0, 0, 0, 0, 0, 0, 0, 0, 0, 0, 0, 0, 0}, 
  {0, 0, 0, 0, 0, 0, 0, 0, 0, 0, 0, 0, 0, 0, 0}, 
  {255, 0, 255, 255, 255, 0, 255, 255, 255, 0, 255, 0, 255, 255, 255}, 
  {255, 0, 255, 0, 255, 0, 0, 255, 0, 0, 255, 0, 255, 0, 0}, 
  {255, 0, 255, 0, 255, 0, 0, 255, 0, 0, 255, 0, 255, 0, 0}, 
  {255, 0, 255, 0, 255, 0, 0, 255, 0, 0, 255, 0, 255, 0, 0}, 
  {255, 0, 255, 0, 255, 0, 0, 255, 0, 0, 255, 0, 255, 0, 0}, 
  {255, 0, 255, 255, 255, 0, 0, 255, 0, 0, 255, 0, 255, 255, 255}, 
  {0, 0, 0, 0, 0, 0, 0, 0, 0, 0, 0, 0, 0, 0, 0}, 
  {0, 0, 0, 0, 0, 0, 0, 0, 0, 0, 0, 0, 0, 0, 0}
}
  {  {0, 0, 0, 0, 0, 0, 0, 0, 0, 0, 0, 0, 0, 0, 0}, 
  {0, 0, 0, 0, 0, 0, 0, 0, 0, 0, 0, 0, 0, 0, 0}, 
  {0, 255, 255, 255, 0, 255, 255, 255, 0, 255, 0, 255, 255, 255, 0}, 
  {0, 255, 0, 255, 0, 0, 255, 0, 0, 255, 0, 255, 0, 0, 0}, 
  {0, 255, 0, 255, 0, 0, 255, 0, 0, 255, 0, 255, 0, 0, 0}, 
  {0, 255, 0, 255, 0, 0, 255, 0, 0, 255, 0, 255, 0, 0, 0}, 
  {0, 255, 0, 255, 0, 0, 255, 0, 0, 255, 0, 255, 0, 0, 0}, 
  {0, 255, 255, 255, 0, 0, 255, 0, 0, 255, 0, 255, 255, 255, 0}, 
  {0, 0, 0, 0, 0, 0, 0, 0, 0, 0, 0, 0, 0, 0, 0}, 
  {0, 0, 0, 0, 0, 0, 0, 0, 0, 0, 0, 0, 0, 0, 0}
}
  {  {0, 0, 0, 0, 0, 0, 0, 0, 0, 0, 0, 0, 0, 0, 0}, 
  {0, 0, 0, 0, 0, 0, 0, 0, 0, 0, 0, 0, 0, 0, 0}, 
  {255, 255, 255, 0, 255, 255, 255, 0, 255, 0, 255, 255, 255, 0, 255}, 
  {255, 0, 255, 0, 0, 255, 0, 0, 255, 0, 255, 0, 0, 0, 255}, 
  {255, 0, 255, 0, 0, 255, 0, 0, 255, 0, 255, 0, 0, 0, 255}, 
  {255, 0, 255, 0, 0, 255, 0, 0, 255, 0, 255, 0, 0, 0, 0}, 
  {255, 0, 255, 0, 0, 255, 0, 0, 255, 0, 255, 0, 0, 0, 0}, 
  {255, 255, 255, 0, 0, 255, 0, 0, 255, 0, 255, 255, 255, 0, 255}, 
  {0, 0, 0, 0, 0, 0, 0, 0, 0, 0, 0, 0, 0, 0, 0}, 
  {0, 0, 0, 0, 0, 0, 0, 0, 0, 0, 0, 0, 0, 0, 0}
}
  {  {0, 0, 0, 0, 0, 0, 0, 0, 0, 0, 0, 0, 0, 0, 0}, 
  {0, 0, 0, 0, 0, 0, 0, 0, 0, 0, 0, 0, 0, 0, 0}, 
  {255, 255, 0, 255, 255, 255, 0, 255, 0, 255, 255, 255, 0, 255, 255}, 
  {0, 255, 0, 0, 255, 0, 0, 255, 0, 255, 0, 0, 0, 255, 0}, 
  {0, 255, 0, 0, 255, 0, 0, 255, 0, 255, 0, 0, 0, 255, 255}, 
  {0, 255, 0, 0, 255, 0, 0, 255, 0, 255, 0, 0, 0, 0, 0}, 
  {0, 255, 0, 0, 255, 0, 0, 255, 0, 255, 0, 0, 0, 0, 0}, 
  {255, 255, 0, 0, 255, 0, 0, 255, 0, 255, 255, 255, 0, 255, 255}, 
  {0, 0, 0, 0, 0, 0, 0, 0, 0, 0, 0, 0, 0, 0, 0}, 
  {0, 0, 0, 0, 0, 0, 0, 0, 0, 0, 0, 0, 0, 0, 0}
}
  {  {0, 0, 0, 0, 0, 0, 0, 0, 0, 0, 0, 0, 0, 0, 0}, 
  {0, 0, 0, 0, 0, 0, 0, 0, 0, 0, 0, 0, 0, 0, 0}, 
  {255, 0, 255, 255, 255, 0, 255, 0, 255, 255, 255, 0, 255, 255, 255}, 
  {255, 0, 0, 255, 0, 0, 255, 0, 255, 0, 0, 0, 255, 0, 0}, 
  {255, 0, 0, 255, 0, 0, 255, 0, 255, 0, 0, 0, 255, 255, 255}, 
  {255, 0, 0, 255, 0, 0, 255, 0, 255, 0, 0, 0, 0, 0, 255}, 
  {255, 0, 0, 255, 0, 0, 255, 0, 255, 0, 0, 0, 0, 0, 255}, 
  {255, 0, 0, 255, 0, 0, 255, 0, 255, 255, 255, 0, 255, 255, 255}, 
  {0, 0, 0, 0, 0, 0, 0, 0, 0, 0, 0, 0, 0, 0, 0}, 
  {0, 0, 0, 0, 0, 0, 0, 0, 0, 0, 0, 0, 0, 0, 0}
}
  {  {0, 0, 0, 0, 0, 0, 0, 0, 0, 0, 0, 0, 0, 0, 0}, 
  {0, 0, 0, 0, 0, 0, 0, 0, 0, 0, 0, 0, 0, 0, 0}, 
  {0, 255, 255, 255, 0, 255, 0, 255, 255, 255, 0, 255, 255, 255, 0}, 
  {0, 0, 255, 0, 0, 255, 0, 255, 0, 0, 0, 255, 0, 0, 0}, 
  {0, 0, 255, 0, 0, 255, 0, 255, 0, 0, 0, 255, 255, 255, 0}, 
  {0, 0, 255, 0, 0, 255, 0, 255, 0, 0, 0, 0, 0, 255, 0}, 
  {0, 0, 255, 0, 0, 255, 0, 255, 0, 0, 0, 0, 0, 255, 0}, 
  {0, 0, 255, 0, 0, 255, 0, 255, 255, 255, 0, 255, 255, 255, 0}, 
  {0, 0, 0, 0, 0, 0, 0, 0, 0, 0, 0, 0, 0, 0, 0}, 
  {0, 0, 0, 0, 0, 0, 0, 0, 0, 0, 0, 0, 0, 0, 0}
}
  {  {0, 0, 0, 0, 0, 0, 0, 0, 0, 0, 0, 0, 0, 0, 0}, 
  {0, 0, 0, 0, 0, 0, 0, 0, 0, 0, 0, 0, 0, 0, 0}, 
  {255, 255, 255, 0, 255, 0, 255, 255, 255, 0, 255, 255, 255, 0, 0}, 
  {0, 255, 0, 0, 255, 0, 255, 0, 0, 0, 255, 0, 0, 0, 255}, 
  {0, 255, 0, 0, 255, 0, 255, 0, 0, 0, 255, 255, 255, 0, 255}, 
  {0, 255, 0, 0, 255, 0, 255, 0, 0, 0, 0, 0, 255, 0, 255}, 
  {0, 255, 0, 0, 255, 0, 255, 0, 0, 0, 0, 0, 255, 0, 255}, 
  {0, 255, 0, 0, 255, 0, 255, 255, 255, 0, 255, 255, 255, 0, 0}, 
  {0, 0, 0, 0, 0, 0, 0, 0, 0, 0, 0, 0, 0, 0, 0}, 
  {0, 0, 0, 0, 0, 0, 0, 0, 0, 0, 0, 0, 0, 0, 0}
}
  {  {0, 0, 0, 0, 0, 0, 0, 0, 0, 0, 0, 0, 0, 0, 0}, 
  {0, 0, 0, 0, 0, 0, 0, 0, 0, 0, 0, 0, 0, 0, 0}, 
  {255, 255, 0, 255, 0, 255, 255, 255, 0, 255, 255, 255, 0, 0, 0}, 
  {255, 0, 0, 255, 0, 255, 0, 0, 0, 255, 0, 0, 0, 255, 255}, 
  {255, 0, 0, 255, 0, 255, 0, 0, 0, 255, 255, 255, 0, 255, 51}, 
  {255, 0, 0, 255, 0, 255, 0, 0, 0, 0, 0, 255, 0, 255, 51}, 
  {255, 0, 0, 255, 0, 255, 0, 0, 0, 0, 0, 255, 0, 255, 255}, 
  {255, 0, 0, 255, 0, 255, 255, 255, 0, 255, 255, 255, 0, 0, 255}, 
  {0, 0, 0, 0, 0, 0, 0, 0, 0, 0, 0, 0, 0, 0, 255}, 
  {0, 0, 0, 0, 0, 0, 0, 0, 0, 0, 0, 0, 0, 0, 0}
}
  {  {0, 0, 0, 0, 0, 0, 0, 0, 0, 0, 0, 0, 0, 0, 0}, 
  {0, 0, 0, 0, 0, 0, 0, 0, 0, 0, 0, 0, 0, 0, 255}, 
  {255, 0, 255, 0, 255, 255, 255, 0, 255, 255, 255, 0, 0, 0, 255}, 
  {0, 0, 255, 0, 255, 0, 0, 0, 255, 0, 0, 0, 255, 255, 255}, 
  {0, 0, 255, 0, 255, 0, 0, 0, 255, 255, 255, 0, 255, 51, 255}, 
  {0, 0, 255, 0, 255, 0, 0, 0, 0, 0, 255, 0, 255, 51, 255}, 
  {0, 0, 255, 0, 255, 0, 0, 0, 0, 0, 255, 0, 255, 255, 255}, 
  {0, 0, 255, 0, 255, 255, 255, 0, 255, 255, 255, 0, 0, 255, 51}, 
  {0, 0, 0, 0, 0, 0, 0, 0, 0, 0, 0, 0, 0, 255, 255}, 
  {0, 0, 0, 0, 0, 0, 0, 0, 0, 0, 0, 0, 0, 0, 0}
}
  {  {0, 0, 0, 0, 0, 0, 0, 0, 0, 0, 0, 0, 0, 0, 0}, 
  {0, 0, 0, 0, 0, 0, 0, 0, 0, 0, 0, 0, 0, 255, 255}, 
  {0, 255, 0, 255, 255, 255, 0, 255, 255, 255, 0, 0, 0, 255, 51}, 
  {0, 255, 0, 255, 0, 0, 0, 255, 0, 0, 0, 255, 255, 255, 51}, 
  {0, 255, 0, 255, 0, 0, 0, 255, 255, 255, 0, 255, 51, 255, 255}, 
  {0, 255, 0, 255, 0, 0, 0, 0, 0, 255, 0, 255, 51, 255, 255}, 
  {0, 255, 0, 255, 0, 0, 0, 0, 0, 255, 0, 255, 255, 255, 51}, 
  {0, 255, 0, 255, 255, 255, 0, 255, 255, 255, 0, 0, 255, 51, 51}, 
  {0, 0, 0, 0, 0, 0, 0, 0, 0, 0, 0, 0, 255, 255, 255}, 
  {0, 0, 0, 0, 0, 0, 0, 0, 0, 0, 0, 0, 0, 0, 0}
}
  {  {0, 0, 0, 0, 0, 0, 0, 0, 0, 0, 0, 0, 0, 0, 0}, 
  {0, 0, 0, 0, 0, 0, 0, 0, 0, 0, 0, 0, 255, 255, 255}, 
  {255, 0, 255, 255, 255, 0, 255, 255, 255, 0, 0, 0, 255, 51, 255}, 
  {255, 0, 255, 0, 0, 0, 255, 0, 0, 0, 255, 255, 255, 51, 255}, 
  {255, 0, 255, 0, 0, 0, 255, 255, 255, 0, 255, 51, 255, 255, 255}, 
  {255, 0, 255, 0, 0, 0, 0, 0, 255, 0, 255, 51, 255, 255, 51}, 
  {255, 0, 255, 0, 0, 0, 0, 0, 255, 0, 255, 255, 255, 51, 51}, 
  {255, 0, 255, 255, 255, 0, 255, 255, 255, 0, 0, 255, 51, 51, 51}, 
  {0, 0, 0, 0, 0, 0, 0, 0, 0, 0, 0, 255, 255, 255, 255}, 
  {0, 0, 0, 0, 0, 0, 0, 0, 0, 0, 0, 0, 0, 0, 0}
}
  {  {0, 0, 0, 0, 0, 0, 0, 0, 0, 0, 0, 0, 0, 0, 0}, 
  {0, 0, 0, 0, 0, 0, 0, 0, 0, 0, 0, 255, 255, 255, 255}, 
  {0, 255, 255, 255, 0, 255, 255, 255, 0, 0, 0, 255, 51, 255, 51}, 
  {0, 255, 0, 0, 0, 255, 0, 0, 0, 255, 255, 255, 51, 255, 51}, 
  {0, 255, 0, 0, 0, 255, 255, 255, 0, 255, 51, 255, 255, 255, 255}, 
  {0, 255, 0, 0, 0, 0, 0, 255, 0, 255, 51, 255, 255, 51, 255}, 
  {0, 255, 0, 0, 0, 0, 0, 255, 0, 255, 255, 255, 51, 51, 51}, 
  {0, 255, 255, 255, 0, 255, 255, 255, 0, 0, 255, 51, 51, 51, 51}, 
  {0, 0, 0, 0, 0, 0, 0, 0, 0, 0, 255, 255, 255, 255, 255}, 
  {0, 0, 0, 0, 0, 0, 0, 0, 0, 0, 0, 0, 0, 0, 0}
}
  {  {0, 0, 0, 0, 0, 0, 0, 0, 0, 0, 0, 0, 0, 0, 0}, 
  {0, 0, 0, 0, 0, 0, 0, 0, 0, 0, 255, 255, 255, 255, 255}, 
  {255, 255, 255, 0, 255, 255, 255, 0, 0, 0, 255, 51, 255, 51, 255}, 
  {255, 0, 0, 0, 255, 0, 0, 0, 255, 255, 255, 51, 255, 51, 255}, 
  {255, 0, 0, 0, 255, 255, 255, 0, 255, 51, 255, 255, 255, 255, 255}, 
  {255, 0, 0, 0, 0, 0, 255, 0, 255, 51, 255, 255, 51, 255, 255}, 
  {255, 0, 0, 0, 0, 0, 255, 0, 255, 255, 255, 51, 51, 51, 255}, 
  {255, 255, 255, 0, 255, 255, 255, 0, 0, 255, 51, 51, 51, 51, 51}, 
  {0, 0, 0, 0, 0, 0, 0, 0, 0, 255, 255, 255, 255, 255, 255}, 
  {0, 0, 0, 0, 0, 0, 0, 0, 0, 0, 0, 0, 0, 0, 0}
}
  {  {0, 0, 0, 0, 0, 0, 0, 0, 0, 0, 0, 0, 0, 0, 0}, 
  {0, 0, 0, 0, 0, 0, 0, 0, 0, 255, 255, 255, 255, 255, 0}, 
  {255, 255, 0, 255, 255, 255, 0, 0, 0, 255, 51, 255, 51, 255, 0}, 
  {0, 0, 0, 255, 0, 0, 0, 255, 255, 255, 51, 255, 51, 255, 255}, 
  {0, 0, 0, 255, 255, 255, 0, 255, 51, 255, 255, 255, 255, 255, 51}, 
  {0, 0, 0, 0, 0, 255, 0, 255, 51, 255, 255, 51, 255, 255, 51}, 
  {0, 0, 0, 0, 0, 255, 0, 255, 255, 255, 51, 51, 51, 255, 255}, 
  {255, 255, 0, 255, 255, 255, 0, 0, 255, 51, 51, 51, 51, 51, 255}, 
  {0, 0, 0, 0, 0, 0, 0, 0, 255, 255, 255, 255, 255, 255, 255}, 
  {0, 0, 0, 0, 0, 0, 0, 0, 0, 0, 0, 0, 0, 0, 0}
}
  {  {0, 0, 0, 0, 0, 0, 0, 0, 0, 0, 0, 0, 0, 0, 0}, 
  {0, 0, 0, 0, 0, 0, 0, 0, 255, 255, 255, 255, 255, 0, 0}, 
  {255, 0, 255, 255, 255, 0, 0, 0, 255, 51, 255, 51, 255, 0, 0}, 
  {0, 0, 255, 0, 0, 0, 255, 255, 255, 51, 255, 51, 255, 255, 255}, 
  {0, 0, 255, 255, 255, 0, 255, 51, 255, 255, 255, 255, 255, 51, 255}, 
  {0, 0, 0, 0, 255, 0, 255, 51, 255, 255, 51, 255, 255, 51, 255}, 
  {0, 0, 0, 0, 255, 0, 255, 255, 255, 51, 51, 51, 255, 255, 255}, 
  {255, 0, 255, 255, 255, 0, 0, 255, 51, 51, 51, 51, 51, 255, 0}, 
  {0, 0, 0, 0, 0, 0, 0, 255, 255, 255, 255, 255, 255, 255, 0}, 
  {0, 0, 0, 0, 0, 0, 0, 0, 0, 0, 0, 0, 0, 0, 0}
}
  {  {0, 0, 0, 0, 0, 0, 0, 0, 0, 0, 0, 0, 0, 0, 0}, 
  {0, 0, 0, 0, 0, 0, 0, 255, 255, 255, 255, 255, 0, 0, 0}, 
  {0, 255, 255, 255, 0, 0, 0, 255, 51, 255, 51, 255, 0, 0, 0}, 
  {0, 255, 0, 0, 0, 255, 255, 255, 51, 255, 51, 255, 255, 255, 0}, 
  {0, 255, 255, 255, 0, 255, 51, 255, 255, 255, 255, 255, 51, 255, 0}, 
  {0, 0, 0, 255, 0, 255, 51, 255, 255, 51, 255, 255, 51, 255, 0}, 
  {0, 0, 0, 255, 0, 255, 255, 255, 51, 51, 51, 255, 255, 255, 0}, 
  {0, 255, 255, 255, 0, 0, 255, 51, 51, 51, 51, 51, 255, 0, 0}, 
  {0, 0, 0, 0, 0, 0, 255, 255, 255, 255, 255, 255, 255, 0, 0}, 
  {0, 0, 0, 0, 0, 0, 0, 0, 0, 0, 0, 0, 0, 0, 0}
}
  {  {0, 0, 0, 0, 0, 0, 0, 0, 0, 0, 0, 0, 0, 0, 0}, 
  {0, 0, 0, 0, 0, 0, 255, 255, 255, 255, 255, 0, 0, 0, 0}, 
  {255, 255, 255, 0, 0, 0, 255, 51, 255, 51, 255, 0, 0, 0, 255}, 
  {255, 0, 0, 0, 255, 255, 255, 51, 255, 51, 255, 255, 255, 0, 0}, 
  {255, 255, 255, 0, 255, 51, 255, 255, 255, 255, 255, 51, 255, 0, 0}, 
  {0, 0, 255, 0, 255, 51, 255, 255, 51, 255, 255, 51, 255, 0, 0}, 
  {0, 0, 255, 0, 255, 255, 255, 51, 51, 51, 255, 255, 255, 0, 0}, 
  {255, 255, 255, 0, 0, 255, 51, 51, 51, 51, 51, 255, 0, 0, 0}, 
  {0, 0, 0, 0, 0, 255, 255, 255, 255, 255, 255, 255, 0, 0, 0}, 
  {0, 0, 0, 0, 0, 0, 0, 0, 0, 0, 0, 0, 0, 0, 0}
}
  {  {0, 0, 0, 0, 0, 0, 0, 0, 0, 0, 0, 0, 0, 0, 0}, 
  {0, 0, 0, 0, 0, 255, 255, 255, 255, 255, 0, 0, 0, 0, 0}, 
  {255, 255, 0, 0, 0, 255, 51, 255, 51, 255, 0, 0, 0, 255, 255}, 
  {0, 0, 0, 255, 255, 255, 51, 255, 51, 255, 255, 255, 0, 0, 255}, 
  {255, 255, 0, 255, 51, 255, 255, 255, 255, 255, 51, 255, 0, 0, 255}, 
  {0, 255, 0, 255, 51, 255, 255, 51, 255, 255, 51, 255, 0, 0, 255}, 
  {0, 255, 0, 255, 255, 255, 51, 51, 51, 255, 255, 255, 0, 0, 255}, 
  {255, 255, 0, 0, 255, 51, 51, 51, 51, 51, 255, 0, 0, 0, 255}, 
  {0, 0, 0, 0, 255, 255, 255, 255, 255, 255, 255, 0, 0, 0, 0}, 
  {0, 0, 0, 0, 0, 0, 0, 0, 0, 0, 0, 0, 0, 0, 0}
}
  {  {0, 0, 0, 0, 0, 0, 0, 0, 0, 0, 0, 0, 0, 0, 0}, 
  {0, 0, 0, 0, 255, 255, 255, 255, 255, 0, 0, 0, 0, 0, 0}, 
  {255, 0, 0, 0, 255, 51, 255, 51, 255, 0, 0, 0, 255, 255, 255}, 
  {0, 0, 255, 255, 255, 51, 255, 51, 255, 255, 255, 0, 0, 255, 0}, 
  {255, 0, 255, 51, 255, 255, 255, 255, 255, 51, 255, 0, 0, 255, 0}, 
  {255, 0, 255, 51, 255, 255, 51, 255, 255, 51, 255, 0, 0, 255, 0}, 
  {255, 0, 255, 255, 255, 51, 51, 51, 255, 255, 255, 0, 0, 255, 0}, 
  {255, 0, 0, 255, 51, 51, 51, 51, 51, 255, 0, 0, 0, 255, 0}, 
  {0, 0, 0, 255, 255, 255, 255, 255, 255, 255, 0, 0, 0, 0, 0}, 
  {0, 0, 0, 0, 0, 0, 0, 0, 0, 0, 0, 0, 0, 0, 0}
}
  {  {0, 0, 0, 0, 0, 0, 0, 0, 0, 0, 0, 0, 0, 0, 0}, 
  {0, 0, 0, 255, 255, 255, 255, 255, 0, 0, 0, 0, 0, 0, 0}, 
  {0, 0, 0, 255, 51, 255, 51, 255, 0, 0, 0, 255, 255, 255, 0}, 
  {0, 255, 255, 255, 51, 255, 51, 255, 255, 255, 0, 0, 255, 0, 0}, 
  {0, 255, 51, 255, 255, 255, 255, 255, 51, 255, 0, 0, 255, 0, 0}, 
  {0, 255, 51, 255, 255, 51, 255, 255, 51, 255, 0, 0, 255, 0, 0}, 
  {0, 255, 255, 255, 51, 51, 51, 255, 255, 255, 0, 0, 255, 0, 0}, 
  {0, 0, 255, 51, 51, 51, 51, 51, 255, 0, 0, 0, 255, 0, 0}, 
  {0, 0, 255, 255, 255, 255, 255, 255, 255, 0, 0, 0, 0, 0, 0}, 
  {0, 0, 0, 0, 0, 0, 0, 0, 0, 0, 0, 0, 0, 0, 0}
}
  {  {0, 0, 0, 0, 0, 0, 0, 0, 0, 0, 0, 0, 0, 0, 0}, 
  {0, 0, 255, 255, 255, 255, 255, 0, 0, 0, 0, 0, 0, 0, 0}, 
  {0, 0, 255, 51, 255, 51, 255, 0, 0, 0, 255, 255, 255, 0, 255}, 
  {255, 255, 255, 51, 255, 51, 255, 255, 255, 0, 0, 255, 0, 0, 255}, 
  {255, 51, 255, 255, 255, 255, 255, 51, 255, 0, 0, 255, 0, 0, 255}, 
  {255, 51, 255, 255, 51, 255, 255, 51, 255, 0, 0, 255, 0, 0, 255}, 
  {255, 255, 255, 51, 51, 51, 255, 255, 255, 0, 0, 255, 0, 0, 255}, 
  {0, 255, 51, 51, 51, 51, 51, 255, 0, 0, 0, 255, 0, 0, 255}, 
  {0, 255, 255, 255, 255, 255, 255, 255, 0, 0, 0, 0, 0, 0, 0}, 
  {0, 0, 0, 0, 0, 0, 0, 0, 0, 0, 0, 0, 0, 0, 0}
}
  {  {0, 0, 0, 0, 0, 0, 0, 0, 0, 0, 0, 0, 0, 0, 0}, 
  {0, 255, 255, 255, 255, 255, 0, 0, 0, 0, 0, 0, 0, 0, 0}, 
  {0, 255, 51, 255, 51, 255, 0, 0, 0, 255, 255, 255, 0, 255, 0}, 
  {255, 255, 51, 255, 51, 255, 255, 255, 0, 0, 255, 0, 0, 255, 0}, 
  {51, 255, 255, 255, 255, 255, 51, 255, 0, 0, 255, 0, 0, 255, 0}, 
  {51, 255, 255, 51, 255, 255, 51, 255, 0, 0, 255, 0, 0, 255, 0}, 
  {255, 255, 51, 51, 51, 255, 255, 255, 0, 0, 255, 0, 0, 255, 0}, 
  {255, 51, 51, 51, 51, 51, 255, 0, 0, 0, 255, 0, 0, 255, 0}, 
  {255, 255, 255, 255, 255, 255, 255, 0, 0, 0, 0, 0, 0, 0, 0}, 
  {0, 0, 0, 0, 0, 0, 0, 0, 0, 0, 0, 0, 0, 0, 0}
}
  {  {0, 0, 0, 0, 0, 0, 0, 0, 0, 0, 0, 0, 0, 0, 0}, 
  {255, 255, 255, 255, 255, 0, 0, 0, 0, 0, 0, 0, 0, 0, 0}, 
  {255, 51, 255, 51, 255, 0, 0, 0, 255, 255, 255, 0, 255, 0, 255}, 
  {255, 51, 255, 51, 255, 255, 255, 0, 0, 255, 0, 0, 255, 0, 255}, 
  {255, 255, 255, 255, 255, 51, 255, 0, 0, 255, 0, 0, 255, 0, 255}, 
  {255, 255, 51, 255, 255, 51, 255, 0, 0, 255, 0, 0, 255, 0, 255}, 
  {255, 51, 51, 51, 255, 255, 255, 0, 0, 255, 0, 0, 255, 0, 255}, 
  {51, 51, 51, 51, 51, 255, 0, 0, 0, 255, 0, 0, 255, 0, 255}, 
  {255, 255, 255, 255, 255, 255, 0, 0, 0, 0, 0, 0, 0, 0, 0}, 
  {0, 0, 0, 0, 0, 0, 0, 0, 0, 0, 0, 0, 0, 0, 0}
}
  {  {0, 0, 0, 0, 0, 0, 0, 0, 0, 0, 0, 0, 0, 0, 0}, 
  {255, 255, 255, 255, 0, 0, 0, 0, 0, 0, 0, 0, 0, 0, 0}, 
  {51, 255, 51, 255, 0, 0, 0, 255, 255, 255, 0, 255, 0, 255, 255}, 
  {51, 255, 51, 255, 255, 255, 0, 0, 255, 0, 0, 255, 0, 255, 0}, 
  {255, 255, 255, 255, 51, 255, 0, 0, 255, 0, 0, 255, 0, 255, 0}, 
  {255, 51, 255, 255, 51, 255, 0, 0, 255, 0, 0, 255, 0, 255, 0}, 
  {51, 51, 51, 255, 255, 255, 0, 0, 255, 0, 0, 255, 0, 255, 0}, 
  {51, 51, 51, 51, 255, 0, 0, 0, 255, 0, 0, 255, 0, 255, 255}, 
  {255, 255, 255, 255, 255, 0, 0, 0, 0, 0, 0, 0, 0, 0, 0}, 
  {0, 0, 0, 0, 0, 0, 0, 0, 0, 0, 0, 0, 0, 0, 0}
}
  {  {0, 0, 0, 0, 0, 0, 0, 0, 0, 0, 0, 0, 0, 0, 0}, 
  {255, 255, 255, 0, 0, 0, 0, 0, 0, 0, 0, 0, 0, 0, 0}, 
  {255, 51, 255, 0, 0, 0, 255, 255, 255, 0, 255, 0, 255, 255, 255}, 
  {255, 51, 255, 255, 255, 0, 0, 255, 0, 0, 255, 0, 255, 0, 0}, 
  {255, 255, 255, 51, 255, 0, 0, 255, 0, 0, 255, 0, 255, 0, 0}, 
  {51, 255, 255, 51, 255, 0, 0, 255, 0, 0, 255, 0, 255, 0, 255}, 
  {51, 51, 255, 255, 255, 0, 0, 255, 0, 0, 255, 0, 255, 0, 255}, 
  {51, 51, 51, 255, 0, 0, 0, 255, 0, 0, 255, 0, 255, 255, 255}, 
  {255, 255, 255, 255, 0, 0, 0, 0, 0, 0, 0, 0, 0, 0, 0}, 
  {0, 0, 0, 0, 0, 0, 0, 0, 0, 0, 0, 0, 0, 0, 0}
}
  {  {0, 0, 0, 0, 0, 0, 0, 0, 0, 0, 0, 0, 0, 0, 0}, 
  {255, 255, 0, 0, 0, 0, 0, 0, 0, 0, 0, 0, 0, 0, 0}, 
  {51, 255, 0, 0, 0, 255, 255, 255, 0, 255, 0, 255, 255, 255, 0}, 
  {51, 255, 255, 255, 0, 0, 255, 0, 0, 255, 0, 255, 0, 0, 0}, 
  {255, 255, 51, 255, 0, 0, 255, 0, 0, 255, 0, 255, 0, 0, 0}, 
  {255, 255, 51, 255, 0, 0, 255, 0, 0, 255, 0, 255, 0, 255, 0}, 
  {51, 255, 255, 255, 0, 0, 255, 0, 0, 255, 0, 255, 0, 255, 0}, 
  {51, 51, 255, 0, 0, 0, 255, 0, 0, 255, 0, 255, 255, 255, 0}, 
  {255, 255, 255, 0, 0, 0, 0, 0, 0, 0, 0, 0, 0, 0, 0}, 
  {0, 0, 0, 0, 0, 0, 0, 0, 0, 0, 0, 0, 0, 0, 0}
}
  {  {0, 0, 0, 0, 0, 0, 0, 0, 0, 0, 0, 0, 0, 0, 0}, 
  {255, 0, 0, 0, 0, 0, 0, 0, 0, 0, 0, 0, 0, 0, 0}, 
  {255, 0, 0, 0, 255, 255, 255, 0, 255, 0, 255, 255, 255, 0, 255}, 
  {255, 255, 255, 0, 0, 255, 0, 0, 255, 0, 255, 0, 0, 0, 255}, 
  {255, 51, 255, 0, 0, 255, 0, 0, 255, 0, 255, 0, 0, 0, 255}, 
  {255, 51, 255, 0, 0, 255, 0, 0, 255, 0, 255, 0, 255, 0, 255}, 
  {255, 255, 255, 0, 0, 255, 0, 0, 255, 0, 255, 0, 255, 0, 255}, 
  {51, 255, 0, 0, 0, 255, 0, 0, 255, 0, 255, 255, 255, 0, 255}, 
  {255, 255, 0, 0, 0, 0, 0, 0, 0, 0, 0, 0, 0, 0, 0}, 
  {0, 0, 0, 0, 0, 0, 0, 0, 0, 0, 0, 0, 0, 0, 0}
}
  {  {0, 0, 0, 0, 0, 0, 0, 0, 0, 0, 0, 0, 0, 0, 0}, 
  {0, 0, 0, 0, 0, 0, 0, 0, 0, 0, 0, 0, 0, 0, 0}, 
  {0, 0, 0, 255, 255, 255, 0, 255, 0, 255, 255, 255, 0, 255, 255}, 
  {255, 255, 0, 0, 255, 0, 0, 255, 0, 255, 0, 0, 0, 255, 0}, 
  {51, 255, 0, 0, 255, 0, 0, 255, 0, 255, 0, 0, 0, 255, 255}, 
  {51, 255, 0, 0, 255, 0, 0, 255, 0, 255, 0, 255, 0, 255, 0}, 
  {255, 255, 0, 0, 255, 0, 0, 255, 0, 255, 0, 255, 0, 255, 0}, 
  {255, 0, 0, 0, 255, 0, 0, 255, 0, 255, 255, 255, 0, 255, 255}, 
  {255, 0, 0, 0, 0, 0, 0, 0, 0, 0, 0, 0, 0, 0, 0}, 
  {0, 0, 0, 0, 0, 0, 0, 0, 0, 0, 0, 0, 0, 0, 0}
}
  {  {0, 0, 0, 0, 0, 0, 0, 0, 0, 0, 0, 0, 0, 0, 0}, 
  {0, 0, 0, 0, 0, 0, 0, 0, 0, 0, 0, 0, 0, 0, 0}, 
  {0, 0, 255, 255, 255, 0, 255, 0, 255, 255, 255, 0, 255, 255, 255}, 
  {255, 0, 0, 255, 0, 0, 255, 0, 255, 0, 0, 0, 255, 0, 0}, 
  {255, 0, 0, 255, 0, 0, 255, 0, 255, 0, 0, 0, 255, 255, 255}, 
  {255, 0, 0, 255, 0, 0, 255, 0, 255, 0, 255, 0, 255, 0, 0}, 
  {255, 0, 0, 255, 0, 0, 255, 0, 255, 0, 255, 0, 255, 0, 0}, 
  {0, 0, 0, 255, 0, 0, 255, 0, 255, 255, 255, 0, 255, 255, 255}, 
  {0, 0, 0, 0, 0, 0, 0, 0, 0, 0, 0, 0, 0, 0, 0}, 
  {0, 0, 0, 0, 0, 0, 0, 0, 0, 0, 0, 0, 0, 0, 0}
}
  {  {0, 0, 0, 0, 0, 0, 0, 0, 0, 0, 0, 0, 0, 0, 0}, 
  {0, 0, 0, 0, 0, 0, 0, 0, 0, 0, 0, 0, 0, 0, 0}, 
  {0, 255, 255, 255, 0, 255, 0, 255, 255, 255, 0, 255, 255, 255, 0}, 
  {0, 0, 255, 0, 0, 255, 0, 255, 0, 0, 0, 255, 0, 0, 0}, 
  {0, 0, 255, 0, 0, 255, 0, 255, 0, 0, 0, 255, 255, 255, 0}, 
  {0, 0, 255, 0, 0, 255, 0, 255, 0, 255, 0, 255, 0, 0, 0}, 
  {0, 0, 255, 0, 0, 255, 0, 255, 0, 255, 0, 255, 0, 0, 0}, 
  {0, 0, 255, 0, 0, 255, 0, 255, 255, 255, 0, 255, 255, 255, 0}, 
  {0, 0, 0, 0, 0, 0, 0, 0, 0, 0, 0, 0, 0, 0, 0}, 
  {0, 0, 0, 0, 0, 0, 0, 0, 0, 0, 0, 0, 0, 0, 0}
}
  {  {0, 0, 0, 0, 0, 0, 0, 0, 0, 0, 0, 0, 0, 0, 0}, 
  {0, 0, 0, 0, 0, 0, 0, 0, 0, 0, 0, 0, 0, 0, 0}, 
  {255, 255, 255, 0, 255, 0, 255, 255, 255, 0, 255, 255, 255, 0, 255}, 
  {0, 255, 0, 0, 255, 0, 255, 0, 0, 0, 255, 0, 0, 0, 255}, 
  {0, 255, 0, 0, 255, 0, 255, 0, 0, 0, 255, 255, 255, 0, 255}, 
  {0, 255, 0, 0, 255, 0, 255, 0, 255, 0, 255, 0, 0, 0, 255}, 
  {0, 255, 0, 0, 255, 0, 255, 0, 255, 0, 255, 0, 0, 0, 255}, 
  {0, 255, 0, 0, 255, 0, 255, 255, 255, 0, 255, 255, 255, 0, 255}, 
  {0, 0, 0, 0, 0, 0, 0, 0, 0, 0, 0, 0, 0, 0, 0}, 
  {0, 0, 0, 0, 0, 0, 0, 0, 0, 0, 0, 0, 0, 0, 0}
}
  {  {0, 0, 0, 0, 0, 0, 0, 0, 0, 0, 0, 0, 0, 0, 0}, 
  {0, 0, 0, 0, 0, 0, 0, 0, 0, 0, 0, 0, 0, 0, 0}, 
  {255, 255, 0, 255, 0, 255, 255, 255, 0, 255, 255, 255, 0, 255, 255}, 
  {255, 0, 0, 255, 0, 255, 0, 0, 0, 255, 0, 0, 0, 255, 0}, 
  {255, 0, 0, 255, 0, 255, 0, 0, 0, 255, 255, 255, 0, 255, 255}, 
  {255, 0, 0, 255, 0, 255, 0, 255, 0, 255, 0, 0, 0, 255, 255}, 
  {255, 0, 0, 255, 0, 255, 0, 255, 0, 255, 0, 0, 0, 255, 0}, 
  {255, 0, 0, 255, 0, 255, 255, 255, 0, 255, 255, 255, 0, 255, 0}, 
  {0, 0, 0, 0, 0, 0, 0, 0, 0, 0, 0, 0, 0, 0, 0}, 
  {0, 0, 0, 0, 0, 0, 0, 0, 0, 0, 0, 0, 0, 0, 0}
}
  {  {0, 0, 0, 0, 0, 0, 0, 0, 0, 0, 0, 0, 0, 0, 0}, 
  {0, 0, 0, 0, 0, 0, 0, 0, 0, 0, 0, 0, 0, 0, 0}, 
  {255, 0, 255, 0, 255, 255, 255, 0, 255, 255, 255, 0, 255, 255, 255}, 
  {0, 0, 255, 0, 255, 0, 0, 0, 255, 0, 0, 0, 255, 0, 255}, 
  {0, 0, 255, 0, 255, 0, 0, 0, 255, 255, 255, 0, 255, 255, 255}, 
  {0, 0, 255, 0, 255, 0, 255, 0, 255, 0, 0, 0, 255, 255, 0}, 
  {0, 0, 255, 0, 255, 0, 255, 0, 255, 0, 0, 0, 255, 0, 255}, 
  {0, 0, 255, 0, 255, 255, 255, 0, 255, 255, 255, 0, 255, 0, 255}, 
  {0, 0, 0, 0, 0, 0, 0, 0, 0, 0, 0, 0, 0, 0, 0}, 
  {0, 0, 0, 0, 0, 0, 0, 0, 0, 0, 0, 0, 0, 0, 0}
}
  {  {0, 0, 0, 0, 0, 0, 0, 0, 0, 0, 0, 0, 0, 0, 0}, 
  {0, 0, 0, 0, 0, 0, 0, 0, 0, 0, 0, 0, 0, 0, 0}, 
  {0, 255, 0, 255, 255, 255, 0, 255, 255, 255, 0, 255, 255, 255, 0}, 
  {0, 255, 0, 255, 0, 0, 0, 255, 0, 0, 0, 255, 0, 255, 0}, 
  {0, 255, 0, 255, 0, 0, 0, 255, 255, 255, 0, 255, 255, 255, 0}, 
  {0, 255, 0, 255, 0, 255, 0, 255, 0, 0, 0, 255, 255, 0, 0}, 
  {0, 255, 0, 255, 0, 255, 0, 255, 0, 0, 0, 255, 0, 255, 0}, 
  {0, 255, 0, 255, 255, 255, 0, 255, 255, 255, 0, 255, 0, 255, 0}, 
  {0, 0, 0, 0, 0, 0, 0, 0, 0, 0, 0, 0, 0, 0, 0}, 
  {0, 0, 0, 0, 0, 0, 0, 0, 0, 0, 0, 0, 0, 0, 0}
}
  {  {0, 0, 0, 0, 0, 0, 0, 0, 0, 0, 0, 0, 0, 0, 0}, 
  {0, 0, 0, 0, 0, 0, 0, 0, 0, 0, 0, 0, 0, 0, 0}, 
  {255, 0, 255, 255, 255, 0, 255, 255, 255, 0, 255, 255, 255, 0, 255}, 
  {255, 0, 255, 0, 0, 0, 255, 0, 0, 0, 255, 0, 255, 0, 255}, 
  {255, 0, 255, 0, 0, 0, 255, 255, 255, 0, 255, 255, 255, 0, 255}, 
  {255, 0, 255, 0, 255, 0, 255, 0, 0, 0, 255, 255, 0, 0, 255}, 
  {255, 0, 255, 0, 255, 0, 255, 0, 0, 0, 255, 0, 255, 0, 255}, 
  {255, 0, 255, 255, 255, 0, 255, 255, 255, 0, 255, 0, 255, 0, 255}, 
  {0, 0, 0, 0, 0, 0, 0, 0, 0, 0, 0, 0, 0, 0, 0}, 
  {0, 0, 0, 0, 0, 0, 0, 0, 0, 0, 0, 0, 0, 0, 0}
}
  {  {0, 0, 0, 0, 0, 0, 0, 0, 0, 0, 0, 0, 0, 0, 0}, 
  {0, 0, 0, 0, 0, 0, 0, 0, 0, 0, 0, 0, 0, 0, 0}, 
  {0, 255, 255, 255, 0, 255, 255, 255, 0, 255, 255, 255, 0, 255, 255}, 
  {0, 255, 0, 0, 0, 255, 0, 0, 0, 255, 0, 255, 0, 255, 0}, 
  {0, 255, 0, 0, 0, 255, 255, 255, 0, 255, 255, 255, 0, 255, 255}, 
  {0, 255, 0, 255, 0, 255, 0, 0, 0, 255, 255, 0, 0, 255, 0}, 
  {0, 255, 0, 255, 0, 255, 0, 0, 0, 255, 0, 255, 0, 255, 0}, 
  {0, 255, 255, 255, 0, 255, 255, 255, 0, 255, 0, 255, 0, 255, 255}, 
  {0, 0, 0, 0, 0, 0, 0, 0, 0, 0, 0, 0, 0, 0, 0}, 
  {0, 0, 0, 0, 0, 0, 0, 0, 0, 0, 0, 0, 0, 0, 0}
}
  {  {0, 0, 0, 0, 0, 0, 0, 0, 0, 0, 0, 0, 0, 0, 0}, 
  {0, 0, 0, 0, 0, 0, 0, 0, 0, 0, 0, 0, 0, 0, 0}, 
  {255, 255, 255, 0, 255, 255, 255, 0, 255, 255, 255, 0, 255, 255, 255}, 
  {255, 0, 0, 0, 255, 0, 0, 0, 255, 0, 255, 0, 255, 0, 255}, 
  {255, 0, 0, 0, 255, 255, 255, 0, 255, 255, 255, 0, 255, 255, 255}, 
  {255, 0, 255, 0, 255, 0, 0, 0, 255, 255, 0, 0, 255, 0, 255}, 
  {255, 0, 255, 0, 255, 0, 0, 0, 255, 0, 255, 0, 255, 0, 255}, 
  {255, 255, 255, 0, 255, 255, 255, 0, 255, 0, 255, 0, 255, 255, 255}, 
  {0, 0, 0, 0, 0, 0, 0, 0, 0, 0, 0, 0, 0, 0, 0}, 
  {0, 0, 0, 0, 0, 0, 0, 0, 0, 0, 0, 0, 0, 0, 0}
}
  {  {0, 0, 0, 0, 0, 0, 0, 0, 0, 0, 0, 0, 0, 0, 0}, 
  {0, 0, 0, 0, 0, 0, 0, 0, 0, 0, 0, 0, 0, 0, 0}, 
  {255, 255, 0, 255, 255, 255, 0, 255, 255, 255, 0, 255, 255, 255, 0}, 
  {0, 0, 0, 255, 0, 0, 0, 255, 0, 255, 0, 255, 0, 255, 0}, 
  {0, 0, 0, 255, 255, 255, 0, 255, 255, 255, 0, 255, 255, 255, 0}, 
  {0, 255, 0, 255, 0, 0, 0, 255, 255, 0, 0, 255, 0, 255, 0}, 
  {0, 255, 0, 255, 0, 0, 0, 255, 0, 255, 0, 255, 0, 255, 0}, 
  {255, 255, 0, 255, 255, 255, 0, 255, 0, 255, 0, 255, 255, 255, 0}, 
  {0, 0, 0, 0, 0, 0, 0, 0, 0, 0, 0, 0, 0, 0, 0}, 
  {0, 0, 0, 0, 0, 0, 0, 0, 0, 0, 0, 0, 0, 0, 0}
}
  {  {0, 0, 0, 0, 0, 0, 0, 0, 0, 0, 0, 0, 0, 0, 0}, 
  {0, 0, 0, 0, 0, 0, 0, 0, 0, 0, 0, 0, 0, 0, 0}, 
  {255, 0, 255, 255, 255, 0, 255, 255, 255, 0, 255, 255, 255, 0, 255}, 
  {0, 0, 255, 0, 0, 0, 255, 0, 255, 0, 255, 0, 255, 0, 255}, 
  {0, 0, 255, 255, 255, 0, 255, 255, 255, 0, 255, 255, 255, 0, 255}, 
  {255, 0, 255, 0, 0, 0, 255, 255, 0, 0, 255, 0, 255, 0, 255}, 
  {255, 0, 255, 0, 0, 0, 255, 0, 255, 0, 255, 0, 255, 0, 255}, 
  {255, 0, 255, 255, 255, 0, 255, 0, 255, 0, 255, 255, 255, 0, 255}, 
  {0, 0, 0, 0, 0, 0, 0, 0, 0, 0, 0, 0, 0, 0, 0}, 
  {0, 0, 0, 0, 0, 0, 0, 0, 0, 0, 0, 0, 0, 0, 0}
}
  {  {0, 0, 0, 0, 0, 0, 0, 0, 0, 0, 0, 0, 0, 0, 0}, 
  {0, 0, 0, 0, 0, 0, 0, 0, 0, 0, 0, 0, 0, 0, 0}, 
  {0, 255, 255, 255, 0, 255, 255, 255, 0, 255, 255, 255, 0, 255, 255}, 
  {0, 255, 0, 0, 0, 255, 0, 255, 0, 255, 0, 255, 0, 255, 0}, 
  {0, 255, 255, 255, 0, 255, 255, 255, 0, 255, 255, 255, 0, 255, 0}, 
  {0, 255, 0, 0, 0, 255, 255, 0, 0, 255, 0, 255, 0, 255, 0}, 
  {0, 255, 0, 0, 0, 255, 0, 255, 0, 255, 0, 255, 0, 255, 0}, 
  {0, 255, 255, 255, 0, 255, 0, 255, 0, 255, 255, 255, 0, 255, 255}, 
  {0, 0, 0, 0, 0, 0, 0, 0, 0, 0, 0, 0, 0, 0, 0}, 
  {0, 0, 0, 0, 0, 0, 0, 0, 0, 0, 0, 0, 0, 0, 0}
}
  {  {0, 0, 0, 0, 0, 0, 0, 0, 0, 0, 0, 0, 0, 0, 0}, 
  {0, 0, 0, 0, 0, 0, 0, 0, 0, 0, 0, 0, 0, 0, 0}, 
  {255, 255, 255, 0, 255, 255, 255, 0, 255, 255, 255, 0, 255, 255, 255}, 
  {255, 0, 0, 0, 255, 0, 255, 0, 255, 0, 255, 0, 255, 0, 255}, 
  {255, 255, 255, 0, 255, 255, 255, 0, 255, 255, 255, 0, 255, 0, 255}, 
  {255, 0, 0, 0, 255, 255, 0, 0, 255, 0, 255, 0, 255, 0, 255}, 
  {255, 0, 0, 0, 255, 0, 255, 0, 255, 0, 255, 0, 255, 0, 255}, 
  {255, 255, 255, 0, 255, 0, 255, 0, 255, 255, 255, 0, 255, 255, 255}, 
  {0, 0, 0, 0, 0, 0, 0, 0, 0, 0, 0, 0, 0, 0, 0}, 
  {0, 0, 0, 0, 0, 0, 0, 0, 0, 0, 0, 0, 0, 0, 0}
}
  {  {0, 0, 0, 0, 0, 0, 0, 0, 0, 0, 0, 0, 0, 0, 0}, 
  {0, 0, 0, 0, 0, 0, 0, 0, 0, 0, 0, 0, 0, 0, 0}, 
  {255, 255, 0, 255, 255, 255, 0, 255, 255, 255, 0, 255, 255, 255, 0}, 
  {0, 0, 0, 255, 0, 255, 0, 255, 0, 255, 0, 255, 0, 255, 0}, 
  {255, 255, 0, 255, 255, 255, 0, 255, 255, 255, 0, 255, 0, 255, 0}, 
  {0, 0, 0, 255, 255, 0, 0, 255, 0, 255, 0, 255, 0, 255, 0}, 
  {0, 0, 0, 255, 0, 255, 0, 255, 0, 255, 0, 255, 0, 255, 0}, 
  {255, 255, 0, 255, 0, 255, 0, 255, 255, 255, 0, 255, 255, 255, 0}, 
  {0, 0, 0, 0, 0, 0, 0, 0, 0, 0, 0, 0, 0, 0, 0}, 
  {0, 0, 0, 0, 0, 0, 0, 0, 0, 0, 0, 0, 0, 0, 0}
}
  {  {0, 0, 0, 0, 0, 0, 0, 0, 0, 0, 0, 0, 0, 0, 0}, 
  {0, 0, 0, 0, 0, 0, 0, 0, 0, 0, 0, 0, 0, 0, 0}, 
  {255, 0, 255, 255, 255, 0, 255, 255, 255, 0, 255, 255, 255, 0, 255}, 
  {0, 0, 255, 0, 255, 0, 255, 0, 255, 0, 255, 0, 255, 0, 0}, 
  {255, 0, 255, 255, 255, 0, 255, 255, 255, 0, 255, 0, 255, 0, 0}, 
  {0, 0, 255, 255, 0, 0, 255, 0, 255, 0, 255, 0, 255, 0, 0}, 
  {0, 0, 255, 0, 255, 0, 255, 0, 255, 0, 255, 0, 255, 0, 0}, 
  {255, 0, 255, 0, 255, 0, 255, 255, 255, 0, 255, 255, 255, 0, 0}, 
  {0, 0, 0, 0, 0, 0, 0, 0, 0, 0, 0, 0, 0, 0, 0}, 
  {0, 0, 0, 0, 0, 0, 0, 0, 0, 0, 0, 0, 0, 0, 0}
}
  {  {0, 0, 0, 0, 0, 0, 0, 0, 0, 0, 0, 0, 0, 0, 0}, 
  {0, 0, 0, 0, 0, 0, 0, 0, 0, 0, 0, 0, 0, 0, 0}, 
  {0, 255, 255, 255, 0, 255, 255, 255, 0, 255, 255, 255, 0, 255, 255}, 
  {0, 255, 0, 255, 0, 255, 0, 255, 0, 255, 0, 255, 0, 0, 255}, 
  {0, 255, 255, 255, 0, 255, 255, 255, 0, 255, 0, 255, 0, 0, 255}, 
  {0, 255, 255, 0, 0, 255, 0, 255, 0, 255, 0, 255, 0, 0, 255}, 
  {0, 255, 0, 255, 0, 255, 0, 255, 0, 255, 0, 255, 0, 0, 255}, 
  {0, 255, 0, 255, 0, 255, 255, 255, 0, 255, 255, 255, 0, 0, 255}, 
  {0, 0, 0, 0, 0, 0, 0, 0, 0, 0, 0, 0, 0, 0, 0}, 
  {0, 0, 0, 0, 0, 0, 0, 0, 0, 0, 0, 0, 0, 0, 0}
}
  {  {0, 0, 0, 0, 0, 0, 0, 0, 0, 0, 0, 0, 0, 0, 0}, 
  {0, 0, 0, 0, 0, 0, 0, 0, 0, 0, 0, 0, 0, 0, 0}, 
  {255, 255, 255, 0, 255, 255, 255, 0, 255, 255, 255, 0, 255, 255, 255}, 
  {255, 0, 255, 0, 255, 0, 255, 0, 255, 0, 255, 0, 0, 255, 0}, 
  {255, 255, 255, 0, 255, 255, 255, 0, 255, 0, 255, 0, 0, 255, 0}, 
  {255, 255, 0, 0, 255, 0, 255, 0, 255, 0, 255, 0, 0, 255, 0}, 
  {255, 0, 255, 0, 255, 0, 255, 0, 255, 0, 255, 0, 0, 255, 0}, 
  {255, 0, 255, 0, 255, 255, 255, 0, 255, 255, 255, 0, 0, 255, 0}, 
  {0, 0, 0, 0, 0, 0, 0, 0, 0, 0, 0, 0, 0, 0, 0}, 
  {0, 0, 0, 0, 0, 0, 0, 0, 0, 0, 0, 0, 0, 0, 0}
}
  {  {0, 0, 0, 0, 0, 0, 0, 0, 0, 0, 0, 0, 0, 0, 0}, 
  {0, 0, 0, 0, 0, 0, 0, 0, 0, 0, 0, 0, 0, 0, 0}, 
  {255, 255, 0, 255, 255, 255, 0, 255, 255, 255, 0, 255, 255, 255, 0}, 
  {0, 255, 0, 255, 0, 255, 0, 255, 0, 255, 0, 0, 255, 0, 0}, 
  {255, 255, 0, 255, 255, 255, 0, 255, 0, 255, 0, 0, 255, 0, 0}, 
  {255, 0, 0, 255, 0, 255, 0, 255, 0, 255, 0, 0, 255, 0, 0}, 
  {0, 255, 0, 255, 0, 255, 0, 255, 0, 255, 0, 0, 255, 0, 0}, 
  {0, 255, 0, 255, 255, 255, 0, 255, 255, 255, 0, 0, 255, 0, 0}, 
  {0, 0, 0, 0, 0, 0, 0, 0, 0, 0, 0, 0, 0, 0, 0}, 
  {0, 0, 0, 0, 0, 0, 0, 0, 0, 0, 0, 0, 0, 0, 0}
}
  {  {0, 0, 0, 0, 0, 0, 0, 0, 0, 0, 0, 0, 0, 0, 0}, 
  {0, 0, 0, 0, 0, 0, 0, 0, 0, 0, 0, 0, 0, 0, 0}, 
  {255, 0, 255, 255, 255, 0, 255, 255, 255, 0, 255, 255, 255, 0, 255}, 
  {255, 0, 255, 0, 255, 0, 255, 0, 255, 0, 0, 255, 0, 0, 255}, 
  {255, 0, 255, 255, 255, 0, 255, 0, 255, 0, 0, 255, 0, 0, 255}, 
  {0, 0, 255, 0, 255, 0, 255, 0, 255, 0, 0, 255, 0, 0, 255}, 
  {255, 0, 255, 0, 255, 0, 255, 0, 255, 0, 0, 255, 0, 0, 255}, 
  {255, 0, 255, 255, 255, 0, 255, 255, 255, 0, 0, 255, 0, 0, 255}, 
  {0, 0, 0, 0, 0, 0, 0, 0, 0, 0, 0, 0, 0, 0, 0}, 
  {0, 0, 0, 0, 0, 0, 0, 0, 0, 0, 0, 0, 0, 0, 0}
}
  {  {0, 0, 0, 0, 0, 0, 0, 0, 0, 0, 0, 0, 0, 0, 0}, 
  {0, 0, 0, 0, 0, 0, 0, 0, 0, 0, 0, 0, 0, 0, 0}, 
  {0, 255, 255, 255, 0, 255, 255, 255, 0, 255, 255, 255, 0, 255, 0}, 
  {0, 255, 0, 255, 0, 255, 0, 255, 0, 0, 255, 0, 0, 255, 0}, 
  {0, 255, 255, 255, 0, 255, 0, 255, 0, 0, 255, 0, 0, 255, 0}, 
  {0, 255, 0, 255, 0, 255, 0, 255, 0, 0, 255, 0, 0, 255, 0}, 
  {0, 255, 0, 255, 0, 255, 0, 255, 0, 0, 255, 0, 0, 255, 0}, 
  {0, 255, 255, 255, 0, 255, 255, 255, 0, 0, 255, 0, 0, 255, 0}, 
  {0, 0, 0, 0, 0, 0, 0, 0, 0, 0, 0, 0, 0, 0, 0}, 
  {0, 0, 0, 0, 0, 0, 0, 0, 0, 0, 0, 0, 0, 0, 0}
}
  {  {0, 0, 0, 0, 0, 0, 0, 0, 0, 0, 0, 0, 0, 0, 0}, 
  {0, 0, 0, 0, 0, 0, 0, 0, 0, 0, 0, 0, 0, 0, 0}, 
  {255, 255, 255, 0, 255, 255, 255, 0, 255, 255, 255, 0, 255, 0, 255}, 
  {255, 0, 255, 0, 255, 0, 255, 0, 0, 255, 0, 0, 255, 0, 255}, 
  {255, 255, 255, 0, 255, 0, 255, 0, 0, 255, 0, 0, 255, 0, 255}, 
  {255, 0, 255, 0, 255, 0, 255, 0, 0, 255, 0, 0, 255, 0, 255}, 
  {255, 0, 255, 0, 255, 0, 255, 0, 0, 255, 0, 0, 255, 0, 255}, 
  {255, 255, 255, 0, 255, 255, 255, 0, 0, 255, 0, 0, 255, 0, 255}, 
  {0, 0, 0, 0, 0, 0, 0, 0, 0, 0, 0, 0, 0, 0, 0}, 
  {0, 0, 0, 0, 0, 0, 0, 0, 0, 0, 0, 0, 0, 0, 0}
}
  {  {0, 0, 0, 0, 0, 0, 0, 0, 0, 0, 0, 0, 0, 0, 0}, 
  {0, 0, 0, 0, 0, 0, 0, 0, 0, 0, 0, 0, 0, 0, 0}, 
  {255, 255, 0, 255, 255, 255, 0, 255, 255, 255, 0, 255, 0, 255, 255}, 
  {0, 255, 0, 255, 0, 255, 0, 0, 255, 0, 0, 255, 0, 255, 0}, 
  {255, 255, 0, 255, 0, 255, 0, 0, 255, 0, 0, 255, 0, 255, 0}, 
  {0, 255, 0, 255, 0, 255, 0, 0, 255, 0, 0, 255, 0, 255, 0}, 
  {0, 255, 0, 255, 0, 255, 0, 0, 255, 0, 0, 255, 0, 255, 0}, 
  {255, 255, 0, 255, 255, 255, 0, 0, 255, 0, 0, 255, 0, 255, 255}, 
  {0, 0, 0, 0, 0, 0, 0, 0, 0, 0, 0, 0, 0, 0, 0}, 
  {0, 0, 0, 0, 0, 0, 0, 0, 0, 0, 0, 0, 0, 0, 0}
}
  {  {0, 0, 0, 0, 0, 0, 0, 0, 0, 0, 0, 0, 0, 0, 0}, 
  {0, 0, 0, 0, 0, 0, 0, 0, 0, 0, 0, 0, 0, 0, 0}, 
  {255, 0, 255, 255, 255, 0, 255, 255, 255, 0, 255, 0, 255, 255, 255}, 
  {255, 0, 255, 0, 255, 0, 0, 255, 0, 0, 255, 0, 255, 0, 0}, 
  {255, 0, 255, 0, 255, 0, 0, 255, 0, 0, 255, 0, 255, 0, 0}, 
  {255, 0, 255, 0, 255, 0, 0, 255, 0, 0, 255, 0, 255, 0, 0}, 
  {255, 0, 255, 0, 255, 0, 0, 255, 0, 0, 255, 0, 255, 0, 0}, 
  {255, 0, 255, 255, 255, 0, 0, 255, 0, 0, 255, 0, 255, 255, 255}, 
  {0, 0, 0, 0, 0, 0, 0, 0, 0, 0, 0, 0, 0, 0, 0}, 
  {0, 0, 0, 0, 0, 0, 0, 0, 0, 0, 0, 0, 0, 0, 0}
}
  {  {0, 0, 0, 0, 0, 0, 0, 0, 0, 0, 0, 0, 0, 0, 0}, 
  {0, 0, 0, 0, 0, 0, 0, 0, 0, 0, 0, 0, 0, 0, 0}, 
  {0, 255, 255, 255, 0, 255, 255, 255, 0, 255, 0, 255, 255, 255, 0}, 
  {0, 255, 0, 255, 0, 0, 255, 0, 0, 255, 0, 255, 0, 0, 0}, 
  {0, 255, 0, 255, 0, 0, 255, 0, 0, 255, 0, 255, 0, 0, 0}, 
  {0, 255, 0, 255, 0, 0, 255, 0, 0, 255, 0, 255, 0, 0, 0}, 
  {0, 255, 0, 255, 0, 0, 255, 0, 0, 255, 0, 255, 0, 0, 0}, 
  {0, 255, 255, 255, 0, 0, 255, 0, 0, 255, 0, 255, 255, 255, 0}, 
  {0, 0, 0, 0, 0, 0, 0, 0, 0, 0, 0, 0, 0, 0, 0}, 
  {0, 0, 0, 0, 0, 0, 0, 0, 0, 0, 0, 0, 0, 0, 0}
}
  {  {0, 0, 0, 0, 0, 0, 0, 0, 0, 0, 0, 0, 0, 0, 0}, 
  {0, 0, 0, 0, 0, 0, 0, 0, 0, 0, 0, 0, 0, 0, 0}, 
  {255, 255, 255, 0, 255, 255, 255, 0, 255, 0, 255, 255, 255, 0, 255}, 
  {255, 0, 255, 0, 0, 255, 0, 0, 255, 0, 255, 0, 0, 0, 255}, 
  {255, 0, 255, 0, 0, 255, 0, 0, 255, 0, 255, 0, 0, 0, 255}, 
  {255, 0, 255, 0, 0, 255, 0, 0, 255, 0, 255, 0, 0, 0, 0}, 
  {255, 0, 255, 0, 0, 255, 0, 0, 255, 0, 255, 0, 0, 0, 0}, 
  {255, 255, 255, 0, 0, 255, 0, 0, 255, 0, 255, 255, 255, 0, 255}, 
  {0, 0, 0, 0, 0, 0, 0, 0, 0, 0, 0, 0, 0, 0, 0}, 
  {0, 0, 0, 0, 0, 0, 0, 0, 0, 0, 0, 0, 0, 0, 0}
}
  {  {0, 0, 0, 0, 0, 0, 0, 0, 0, 0, 0, 0, 0, 0, 0}, 
  {0, 0, 0, 0, 0, 0, 0, 0, 0, 0, 0, 0, 0, 0, 0}, 
  {255, 255, 0, 255, 255, 255, 0, 255, 0, 255, 255, 255, 0, 255, 255}, 
  {0, 255, 0, 0, 255, 0, 0, 255, 0, 255, 0, 0, 0, 255, 0}, 
  {0, 255, 0, 0, 255, 0, 0, 255, 0, 255, 0, 0, 0, 255, 255}, 
  {0, 255, 0, 0, 255, 0, 0, 255, 0, 255, 0, 0, 0, 0, 0}, 
  {0, 255, 0, 0, 255, 0, 0, 255, 0, 255, 0, 0, 0, 0, 0}, 
  {255, 255, 0, 0, 255, 0, 0, 255, 0, 255, 255, 255, 0, 255, 255}, 
  {0, 0, 0, 0, 0, 0, 0, 0, 0, 0, 0, 0, 0, 0, 0}, 
  {0, 0, 0, 0, 0, 0, 0, 0, 0, 0, 0, 0, 0, 0, 0}
}
  {  {0, 0, 0, 0, 0, 0, 0, 0, 0, 0, 0, 0, 0, 0, 0}, 
  {0, 0, 0, 0, 0, 0, 0, 0, 0, 0, 0, 0, 0, 0, 0}, 
  {255, 0, 255, 255, 255, 0, 255, 0, 255, 255, 255, 0, 255, 255, 255}, 
  {255, 0, 0, 255, 0, 0, 255, 0, 255, 0, 0, 0, 255, 0, 0}, 
  {255, 0, 0, 255, 0, 0, 255, 0, 255, 0, 0, 0, 255, 255, 255}, 
  {255, 0, 0, 255, 0, 0, 255, 0, 255, 0, 0, 0, 0, 0, 255}, 
  {255, 0, 0, 255, 0, 0, 255, 0, 255, 0, 0, 0, 0, 0, 255}, 
  {255, 0, 0, 255, 0, 0, 255, 0, 255, 255, 255, 0, 255, 255, 255}, 
  {0, 0, 0, 0, 0, 0, 0, 0, 0, 0, 0, 0, 0, 0, 0}, 
  {0, 0, 0, 0, 0, 0, 0, 0, 0, 0, 0, 0, 0, 0, 0}
}
  {  {0, 0, 0, 0, 0, 0, 0, 0, 0, 0, 0, 0, 0, 0, 0}, 
  {0, 0, 0, 0, 0, 0, 0, 0, 0, 0, 0, 0, 0, 0, 0}, 
  {0, 255, 255, 255, 0, 255, 0, 255, 255, 255, 0, 255, 255, 255, 0}, 
  {0, 0, 255, 0, 0, 255, 0, 255, 0, 0, 0, 255, 0, 0, 0}, 
  {0, 0, 255, 0, 0, 255, 0, 255, 0, 0, 0, 255, 255, 255, 0}, 
  {0, 0, 255, 0, 0, 255, 0, 255, 0, 0, 0, 0, 0, 255, 0}, 
  {0, 0, 255, 0, 0, 255, 0, 255, 0, 0, 0, 0, 0, 255, 0}, 
  {0, 0, 255, 0, 0, 255, 0, 255, 255, 255, 0, 255, 255, 255, 0}, 
  {0, 0, 0, 0, 0, 0, 0, 0, 0, 0, 0, 0, 0, 0, 0}, 
  {0, 0, 0, 0, 0, 0, 0, 0, 0, 0, 0, 0, 0, 0, 0}
}
  {  {0, 0, 0, 0, 0, 0, 0, 0, 0, 0, 0, 0, 0, 0, 0}, 
  {0, 0, 0, 0, 0, 0, 0, 0, 0, 0, 0, 0, 0, 0, 0}, 
  {255, 255, 255, 0, 255, 0, 255, 255, 255, 0, 255, 255, 255, 0, 0}, 
  {0, 255, 0, 0, 255, 0, 255, 0, 0, 0, 255, 0, 0, 0, 255}, 
  {0, 255, 0, 0, 255, 0, 255, 0, 0, 0, 255, 255, 255, 0, 255}, 
  {0, 255, 0, 0, 255, 0, 255, 0, 0, 0, 0, 0, 255, 0, 255}, 
  {0, 255, 0, 0, 255, 0, 255, 0, 0, 0, 0, 0, 255, 0, 255}, 
  {0, 255, 0, 0, 255, 0, 255, 255, 255, 0, 255, 255, 255, 0, 0}, 
  {0, 0, 0, 0, 0, 0, 0, 0, 0, 0, 0, 0, 0, 0, 0}, 
  {0, 0, 0, 0, 0, 0, 0, 0, 0, 0, 0, 0, 0, 0, 0}
}
  {  {0, 0, 0, 0, 0, 0, 0, 0, 0, 0, 0, 0, 0, 0, 0}, 
  {0, 0, 0, 0, 0, 0, 0, 0, 0, 0, 0, 0, 0, 0, 0}, 
  {255, 255, 0, 255, 0, 255, 255, 255, 0, 255, 255, 255, 0, 0, 0}, 
  {255, 0, 0, 255, 0, 255, 0, 0, 0, 255, 0, 0, 0, 255, 255}, 
  {255, 0, 0, 255, 0, 255, 0, 0, 0, 255, 255, 255, 0, 255, 51}, 
  {255, 0, 0, 255, 0, 255, 0, 0, 0, 0, 0, 255, 0, 255, 51}, 
  {255, 0, 0, 255, 0, 255, 0, 0, 0, 0, 0, 255, 0, 255, 255}, 
  {255, 0, 0, 255, 0, 255, 255, 255, 0, 255, 255, 255, 0, 0, 255}, 
  {0, 0, 0, 0, 0, 0, 0, 0, 0, 0, 0, 0, 0, 0, 255}, 
  {0, 0, 0, 0, 0, 0, 0, 0, 0, 0, 0, 0, 0, 0, 0}
}
  {  {0, 0, 0, 0, 0, 0, 0, 0, 0, 0, 0, 0, 0, 0, 0}, 
  {0, 0, 0, 0, 0, 0, 0, 0, 0, 0, 0, 0, 0, 0, 255}, 
  {255, 0, 255, 0, 255, 255, 255, 0, 255, 255, 255, 0, 0, 0, 255}, 
  {0, 0, 255, 0, 255, 0, 0, 0, 255, 0, 0, 0, 255, 255, 255}, 
  {0, 0, 255, 0, 255, 0, 0, 0, 255, 255, 255, 0, 255, 51, 255}, 
  {0, 0, 255, 0, 255, 0, 0, 0, 0, 0, 255, 0, 255, 51, 255}, 
  {0, 0, 255, 0, 255, 0, 0, 0, 0, 0, 255, 0, 255, 255, 255}, 
  {0, 0, 255, 0, 255, 255, 255, 0, 255, 255, 255, 0, 0, 255, 51}, 
  {0, 0, 0, 0, 0, 0, 0, 0, 0, 0, 0, 0, 0, 255, 255}, 
  {0, 0, 0, 0, 0, 0, 0, 0, 0, 0, 0, 0, 0, 0, 0}
}
  {  {0, 0, 0, 0, 0, 0, 0, 0, 0, 0, 0, 0, 0, 0, 0}, 
  {0, 0, 0, 0, 0, 0, 0, 0, 0, 0, 0, 0, 0, 255, 255}, 
  {0, 255, 0, 255, 255, 255, 0, 255, 255, 255, 0, 0, 0, 255, 51}, 
  {0, 255, 0, 255, 0, 0, 0, 255, 0, 0, 0, 255, 255, 255, 51}, 
  {0, 255, 0, 255, 0, 0, 0, 255, 255, 255, 0, 255, 51, 255, 255}, 
  {0, 255, 0, 255, 0, 0, 0, 0, 0, 255, 0, 255, 51, 255, 255}, 
  {0, 255, 0, 255, 0, 0, 0, 0, 0, 255, 0, 255, 255, 255, 51}, 
  {0, 255, 0, 255, 255, 255, 0, 255, 255, 255, 0, 0, 255, 51, 51}, 
  {0, 0, 0, 0, 0, 0, 0, 0, 0, 0, 0, 0, 255, 255, 255}, 
  {0, 0, 0, 0, 0, 0, 0, 0, 0, 0, 0, 0, 0, 0, 0}
}
  {  {0, 0, 0, 0, 0, 0, 0, 0, 0, 0, 0, 0, 0, 0, 0}, 
  {0, 0, 0, 0, 0, 0, 0, 0, 0, 0, 0, 0, 255, 255, 255}, 
  {255, 0, 255, 255, 255, 0, 255, 255, 255, 0, 0, 0, 255, 51, 255}, 
  {255, 0, 255, 0, 0, 0, 255, 0, 0, 0, 255, 255, 255, 51, 255}, 
  {255, 0, 255, 0, 0, 0, 255, 255, 255, 0, 255, 51, 255, 255, 255}, 
  {255, 0, 255, 0, 0, 0, 0, 0, 255, 0, 255, 51, 255, 255, 51}, 
  {255, 0, 255, 0, 0, 0, 0, 0, 255, 0, 255, 255, 255, 51, 51}, 
  {255, 0, 255, 255, 255, 0, 255, 255, 255, 0, 0, 255, 51, 51, 51}, 
  {0, 0, 0, 0, 0, 0, 0, 0, 0, 0, 0, 255, 255, 255, 255}, 
  {0, 0, 0, 0, 0, 0, 0, 0, 0, 0, 0, 0, 0, 0, 0}
}
  {  {0, 0, 0, 0, 0, 0, 0, 0, 0, 0, 0, 0, 0, 0, 0}, 
  {0, 0, 0, 0, 0, 0, 0, 0, 0, 0, 0, 255, 255, 255, 255}, 
  {0, 255, 255, 255, 0, 255, 255, 255, 0, 0, 0, 255, 51, 255, 51}, 
  {0, 255, 0, 0, 0, 255, 0, 0, 0, 255, 255, 255, 51, 255, 51}, 
  {0, 255, 0, 0, 0, 255, 255, 255, 0, 255, 51, 255, 255, 255, 255}, 
  {0, 255, 0, 0, 0, 0, 0, 255, 0, 255, 51, 255, 255, 51, 255}, 
  {0, 255, 0, 0, 0, 0, 0, 255, 0, 255, 255, 255, 51, 51, 51}, 
  {0, 255, 255, 255, 0, 255, 255, 255, 0, 0, 255, 51, 51, 51, 51}, 
  {0, 0, 0, 0, 0, 0, 0, 0, 0, 0, 255, 255, 255, 255, 255}, 
  {0, 0, 0, 0, 0, 0, 0, 0, 0, 0, 0, 0, 0, 0, 0}
}
  {  {0, 0, 0, 0, 0, 0, 0, 0, 0, 0, 0, 0, 0, 0, 0}, 
  {0, 0, 0, 0, 0, 0, 0, 0, 0, 0, 255, 255, 255, 255, 255}, 
  {255, 255, 255, 0, 255, 255, 255, 0, 0, 0, 255, 51, 255, 51, 255}, 
  {255, 0, 0, 0, 255, 0, 0, 0, 255, 255, 255, 51, 255, 51, 255}, 
  {255, 0, 0, 0, 255, 255, 255, 0, 255, 51, 255, 255, 255, 255, 255}, 
  {255, 0, 0, 0, 0, 0, 255, 0, 255, 51, 255, 255, 51, 255, 255}, 
  {255, 0, 0, 0, 0, 0, 255, 0, 255, 255, 255, 51, 51, 51, 255}, 
  {255, 255, 255, 0, 255, 255, 255, 0, 0, 255, 51, 51, 51, 51, 51}, 
  {0, 0, 0, 0, 0, 0, 0, 0, 0, 255, 255, 255, 255, 255, 255}, 
  {0, 0, 0, 0, 0, 0, 0, 0, 0, 0, 0, 0, 0, 0, 0}
}
  {  {0, 0, 0, 0, 0, 0, 0, 0, 0, 0, 0, 0, 0, 0, 0}, 
  {0, 0, 0, 0, 0, 0, 0, 0, 0, 255, 255, 255, 255, 255, 0}, 
  {255, 255, 0, 255, 255, 255, 0, 0, 0, 255, 51, 255, 51, 255, 0}, 
  {0, 0, 0, 255, 0, 0, 0, 255, 255, 255, 51, 255, 51, 255, 255}, 
  {0, 0, 0, 255, 255, 255, 0, 255, 51, 255, 255, 255, 255, 255, 51}, 
  {0, 0, 0, 0, 0, 255, 0, 255, 51, 255, 255, 51, 255, 255, 51}, 
  {0, 0, 0, 0, 0, 255, 0, 255, 255, 255, 51, 51, 51, 255, 255}, 
  {255, 255, 0, 255, 255, 255, 0, 0, 255, 51, 51, 51, 51, 51, 255}, 
  {0, 0, 0, 0, 0, 0, 0, 0, 255, 255, 255, 255, 255, 255, 255}, 
  {0, 0, 0, 0, 0, 0, 0, 0, 0, 0, 0, 0, 0, 0, 0}
}
  {  {0, 0, 0, 0, 0, 0, 0, 0, 0, 0, 0, 0, 0, 0, 0}, 
  {0, 0, 0, 0, 0, 0, 0, 0, 255, 255, 255, 255, 255, 0, 0}, 
  {255, 0, 255, 255, 255, 0, 0, 0, 255, 51, 255, 51, 255, 0, 0}, 
  {0, 0, 255, 0, 0, 0, 255, 255, 255, 51, 255, 51, 255, 255, 255}, 
  {0, 0, 255, 255, 255, 0, 255, 51, 255, 255, 255, 255, 255, 51, 255}, 
  {0, 0, 0, 0, 255, 0, 255, 51, 255, 255, 51, 255, 255, 51, 255}, 
  {0, 0, 0, 0, 255, 0, 255, 255, 255, 51, 51, 51, 255, 255, 255}, 
  {255, 0, 255, 255, 255, 0, 0, 255, 51, 51, 51, 51, 51, 255, 0}, 
  {0, 0, 0, 0, 0, 0, 0, 255, 255, 255, 255, 255, 255, 255, 0}, 
  {0, 0, 0, 0, 0, 0, 0, 0, 0, 0, 0, 0, 0, 0, 0}
}
  {  {0, 0, 0, 0, 0, 0, 0, 0, 0, 0, 0, 0, 0, 0, 0}, 
  {0, 0, 0, 0, 0, 0, 0, 255, 255, 255, 255, 255, 0, 0, 0}, 
  {0, 255, 255, 255, 0, 0, 0, 255, 51, 255, 51, 255, 0, 0, 0}, 
  {0, 255, 0, 0, 0, 255, 255, 255, 51, 255, 51, 255, 255, 255, 0}, 
  {0, 255, 255, 255, 0, 255, 51, 255, 255, 255, 255, 255, 51, 255, 0}, 
  {0, 0, 0, 255, 0, 255, 51, 255, 255, 51, 255, 255, 51, 255, 0}, 
  {0, 0, 0, 255, 0, 255, 255, 255, 51, 51, 51, 255, 255, 255, 0}, 
  {0, 255, 255, 255, 0, 0, 255, 51, 51, 51, 51, 51, 255, 0, 0}, 
  {0, 0, 0, 0, 0, 0, 255, 255, 255, 255, 255, 255, 255, 0, 0}, 
  {0, 0, 0, 0, 0, 0, 0, 0, 0, 0, 0, 0, 0, 0, 0}
}
  {  {0, 0, 0, 0, 0, 0, 0, 0, 0, 0, 0, 0, 0, 0, 0}, 
  {0, 0, 0, 0, 0, 0, 255, 255, 255, 255, 255, 0, 0, 0, 0}, 
  {255, 255, 255, 0, 0, 0, 255, 51, 255, 51, 255, 0, 0, 0, 255}, 
  {255, 0, 0, 0, 255, 255, 255, 51, 255, 51, 255, 255, 255, 0, 0}, 
  {255, 255, 255, 0, 255, 51, 255, 255, 255, 255, 255, 51, 255, 0, 0}, 
  {0, 0, 255, 0, 255, 51, 255, 255, 51, 255, 255, 51, 255, 0, 0}, 
  {0, 0, 255, 0, 255, 255, 255, 51, 51, 51, 255, 255, 255, 0, 0}, 
  {255, 255, 255, 0, 0, 255, 51, 51, 51, 51, 51, 255, 0, 0, 0}, 
  {0, 0, 0, 0, 0, 255, 255, 255, 255, 255, 255, 255, 0, 0, 0}, 
  {0, 0, 0, 0, 0, 0, 0, 0, 0, 0, 0, 0, 0, 0, 0}
}
  {  {0, 0, 0, 0, 0, 0, 0, 0, 0, 0, 0, 0, 0, 0, 0}, 
  {0, 0, 0, 0, 0, 255, 255, 255, 255, 255, 0, 0, 0, 0, 0}, 
  {255, 255, 0, 0, 0, 255, 51, 255, 51, 255, 0, 0, 0, 255, 255}, 
  {0, 0, 0, 255, 255, 255, 51, 255, 51, 255, 255, 255, 0, 0, 255}, 
  {255, 255, 0, 255, 51, 255, 255, 255, 255, 255, 51, 255, 0, 0, 255}, 
  {0, 255, 0, 255, 51, 255, 255, 51, 255, 255, 51, 255, 0, 0, 255}, 
  {0, 255, 0, 255, 255, 255, 51, 51, 51, 255, 255, 255, 0, 0, 255}, 
  {255, 255, 0, 0, 255, 51, 51, 51, 51, 51, 255, 0, 0, 0, 255}, 
  {0, 0, 0, 0, 255, 255, 255, 255, 255, 255, 255, 0, 0, 0, 0}, 
  {0, 0, 0, 0, 0, 0, 0, 0, 0, 0, 0, 0, 0, 0, 0}
}
  {  {0, 0, 0, 0, 0, 0, 0, 0, 0, 0, 0, 0, 0, 0, 0}, 
  {0, 0, 0, 0, 255, 255, 255, 255, 255, 0, 0, 0, 0, 0, 0}, 
  {255, 0, 0, 0, 255, 51, 255, 51, 255, 0, 0, 0, 255, 255, 255}, 
  {0, 0, 255, 255, 255, 51, 255, 51, 255, 255, 255, 0, 0, 255, 0}, 
  {255, 0, 255, 51, 255, 255, 255, 255, 255, 51, 255, 0, 0, 255, 0}, 
  {255, 0, 255, 51, 255, 255, 51, 255, 255, 51, 255, 0, 0, 255, 0}, 
  {255, 0, 255, 255, 255, 51, 51, 51, 255, 255, 255, 0, 0, 255, 0}, 
  {255, 0, 0, 255, 51, 51, 51, 51, 51, 255, 0, 0, 0, 255, 0}, 
  {0, 0, 0, 255, 255, 255, 255, 255, 255, 255, 0, 0, 0, 0, 0}, 
  {0, 0, 0, 0, 0, 0, 0, 0, 0, 0, 0, 0, 0, 0, 0}
}
  {  {0, 0, 0, 0, 0, 0, 0, 0, 0, 0, 0, 0, 0, 0, 0}, 
  {0, 0, 0, 255, 255, 255, 255, 255, 0, 0, 0, 0, 0, 0, 0}, 
  {0, 0, 0, 255, 51, 255, 51, 255, 0, 0, 0, 255, 255, 255, 0}, 
  {0, 255, 255, 255, 51, 255, 51, 255, 255, 255, 0, 0, 255, 0, 0}, 
  {0, 255, 51, 255, 255, 255, 255, 255, 51, 255, 0, 0, 255, 0, 0}, 
  {0, 255, 51, 255, 255, 51, 255, 255, 51, 255, 0, 0, 255, 0, 0}, 
  {0, 255, 255, 255, 51, 51, 51, 255, 255, 255, 0, 0, 255, 0, 0}, 
  {0, 0, 255, 51, 51, 51, 51, 51, 255, 0, 0, 0, 255, 0, 0}, 
  {0, 0, 255, 255, 255, 255, 255, 255, 255, 0, 0, 0, 0, 0, 0}, 
  {0, 0, 0, 0, 0, 0, 0, 0, 0, 0, 0, 0, 0, 0, 0}
}
  {  {0, 0, 0, 0, 0, 0, 0, 0, 0, 0, 0, 0, 0, 0, 0}, 
  {0, 0, 255, 255, 255, 255, 255, 0, 0, 0, 0, 0, 0, 0, 0}, 
  {0, 0, 255, 51, 255, 51, 255, 0, 0, 0, 255, 255, 255, 0, 255}, 
  {255, 255, 255, 51, 255, 51, 255, 255, 255, 0, 0, 255, 0, 0, 255}, 
  {255, 51, 255, 255, 255, 255, 255, 51, 255, 0, 0, 255, 0, 0, 255}, 
  {255, 51, 255, 255, 51, 255, 255, 51, 255, 0, 0, 255, 0, 0, 255}, 
  {255, 255, 255, 51, 51, 51, 255, 255, 255, 0, 0, 255, 0, 0, 255}, 
  {0, 255, 51, 51, 51, 51, 51, 255, 0, 0, 0, 255, 0, 0, 255}, 
  {0, 255, 255, 255, 255, 255, 255, 255, 0, 0, 0, 0, 0, 0, 0}, 
  {0, 0, 0, 0, 0, 0, 0, 0, 0, 0, 0, 0, 0, 0, 0}
}
  {  {0, 0, 0, 0, 0, 0, 0, 0, 0, 0, 0, 0, 0, 0, 0}, 
  {0, 255, 255, 255, 255, 255, 0, 0, 0, 0, 0, 0, 0, 0, 0}, 
  {0, 255, 51, 255, 51, 255, 0, 0, 0, 255, 255, 255, 0, 255, 0}, 
  {255, 255, 51, 255, 51, 255, 255, 255, 0, 0, 255, 0, 0, 255, 0}, 
  {51, 255, 255, 255, 255, 255, 51, 255, 0, 0, 255, 0, 0, 255, 0}, 
  {51, 255, 255, 51, 255, 255, 51, 255, 0, 0, 255, 0, 0, 255, 0}, 
  {255, 255, 51, 51, 51, 255, 255, 255, 0, 0, 255, 0, 0, 255, 0}, 
  {255, 51, 51, 51, 51, 51, 255, 0, 0, 0, 255, 0, 0, 255, 0}, 
  {255, 255, 255, 255, 255, 255, 255, 0, 0, 0, 0, 0, 0, 0, 0}, 
  {0, 0, 0, 0, 0, 0, 0, 0, 0, 0, 0, 0, 0, 0, 0}
}
  {  {0, 0, 0, 0, 0, 0, 0, 0, 0, 0, 0, 0, 0, 0, 0}, 
  {255, 255, 255, 255, 255, 0, 0, 0, 0, 0, 0, 0, 0, 0, 0}, 
  {255, 51, 255, 51, 255, 0, 0, 0, 255, 255, 255, 0, 255, 0, 255}, 
  {255, 51, 255, 51, 255, 255, 255, 0, 0, 255, 0, 0, 255, 0, 255}, 
  {255, 255, 255, 255, 255, 51, 255, 0, 0, 255, 0, 0, 255, 0, 255}, 
  {255, 255, 51, 255, 255, 51, 255, 0, 0, 255, 0, 0, 255, 0, 255}, 
  {255, 51, 51, 51, 255, 255, 255, 0, 0, 255, 0, 0, 255, 0, 255}, 
  {51, 51, 51, 51, 51, 255, 0, 0, 0, 255, 0, 0, 255, 0, 255}, 
  {255, 255, 255, 255, 255, 255, 0, 0, 0, 0, 0, 0, 0, 0, 0}, 
  {0, 0, 0, 0, 0, 0, 0, 0, 0, 0, 0, 0, 0, 0, 0}
}
  {  {0, 0, 0, 0, 0, 0, 0, 0, 0, 0, 0, 0, 0, 0, 0}, 
  {255, 255, 255, 255, 0, 0, 0, 0, 0, 0, 0, 0, 0, 0, 0}, 
  {51, 255, 51, 255, 0, 0, 0, 255, 255, 255, 0, 255, 0, 255, 255}, 
  {51, 255, 51, 255, 255, 255, 0, 0, 255, 0, 0, 255, 0, 255, 0}, 
  {255, 255, 255, 255, 51, 255, 0, 0, 255, 0, 0, 255, 0, 255, 0}, 
  {255, 51, 255, 255, 51, 255, 0, 0, 255, 0, 0, 255, 0, 255, 0}, 
  {51, 51, 51, 255, 255, 255, 0, 0, 255, 0, 0, 255, 0, 255, 0}, 
  {51, 51, 51, 51, 255, 0, 0, 0, 255, 0, 0, 255, 0, 255, 255}, 
  {255, 255, 255, 255, 255, 0, 0, 0, 0, 0, 0, 0, 0, 0, 0}, 
  {0, 0, 0, 0, 0, 0, 0, 0, 0, 0, 0, 0, 0, 0, 0}
}
  {  {0, 0, 0, 0, 0, 0, 0, 0, 0, 0, 0, 0, 0, 0, 0}, 
  {255, 255, 255, 0, 0, 0, 0, 0, 0, 0, 0, 0, 0, 0, 0}, 
  {255, 51, 255, 0, 0, 0, 255, 255, 255, 0, 255, 0, 255, 255, 255}, 
  {255, 51, 255, 255, 255, 0, 0, 255, 0, 0, 255, 0, 255, 0, 0}, 
  {255, 255, 255, 51, 255, 0, 0, 255, 0, 0, 255, 0, 255, 0, 0}, 
  {51, 255, 255, 51, 255, 0, 0, 255, 0, 0, 255, 0, 255, 0, 255}, 
  {51, 51, 255, 255, 255, 0, 0, 255, 0, 0, 255, 0, 255, 0, 255}, 
  {51, 51, 51, 255, 0, 0, 0, 255, 0, 0, 255, 0, 255, 255, 255}, 
  {255, 255, 255, 255, 0, 0, 0, 0, 0, 0, 0, 0, 0, 0, 0}, 
  {0, 0, 0, 0, 0, 0, 0, 0, 0, 0, 0, 0, 0, 0, 0}
}
  {  {0, 0, 0, 0, 0, 0, 0, 0, 0, 0, 0, 0, 0, 0, 0}, 
  {255, 255, 0, 0, 0, 0, 0, 0, 0, 0, 0, 0, 0, 0, 0}, 
  {51, 255, 0, 0, 0, 255, 255, 255, 0, 255, 0, 255, 255, 255, 0}, 
  {51, 255, 255, 255, 0, 0, 255, 0, 0, 255, 0, 255, 0, 0, 0}, 
  {255, 255, 51, 255, 0, 0, 255, 0, 0, 255, 0, 255, 0, 0, 0}, 
  {255, 255, 51, 255, 0, 0, 255, 0, 0, 255, 0, 255, 0, 255, 0}, 
  {51, 255, 255, 255, 0, 0, 255, 0, 0, 255, 0, 255, 0, 255, 0}, 
  {51, 51, 255, 0, 0, 0, 255, 0, 0, 255, 0, 255, 255, 255, 0}, 
  {255, 255, 255, 0, 0, 0, 0, 0, 0, 0, 0, 0, 0, 0, 0}, 
  {0, 0, 0, 0, 0, 0, 0, 0, 0, 0, 0, 0, 0, 0, 0}
}
  {  {0, 0, 0, 0, 0, 0, 0, 0, 0, 0, 0, 0, 0, 0, 0}, 
  {255, 0, 0, 0, 0, 0, 0, 0, 0, 0, 0, 0, 0, 0, 0}, 
  {255, 0, 0, 0, 255, 255, 255, 0, 255, 0, 255, 255, 255, 0, 255}, 
  {255, 255, 255, 0, 0, 255, 0, 0, 255, 0, 255, 0, 0, 0, 255}, 
  {255, 51, 255, 0, 0, 255, 0, 0, 255, 0, 255, 0, 0, 0, 255}, 
  {255, 51, 255, 0, 0, 255, 0, 0, 255, 0, 255, 0, 255, 0, 255}, 
  {255, 255, 255, 0, 0, 255, 0, 0, 255, 0, 255, 0, 255, 0, 255}, 
  {51, 255, 0, 0, 0, 255, 0, 0, 255, 0, 255, 255, 255, 0, 255}, 
  {255, 255, 0, 0, 0, 0, 0, 0, 0, 0, 0, 0, 0, 0, 0}, 
  {0, 0, 0, 0, 0, 0, 0, 0, 0, 0, 0, 0, 0, 0, 0}
}
  {  {0, 0, 0, 0, 0, 0, 0, 0, 0, 0, 0, 0, 0, 0, 0}, 
  {0, 0, 0, 0, 0, 0, 0, 0, 0, 0, 0, 0, 0, 0, 0}, 
  {0, 0, 0, 255, 255, 255, 0, 255, 0, 255, 255, 255, 0, 255, 255}, 
  {255, 255, 0, 0, 255, 0, 0, 255, 0, 255, 0, 0, 0, 255, 0}, 
  {51, 255, 0, 0, 255, 0, 0, 255, 0, 255, 0, 0, 0, 255, 255}, 
  {51, 255, 0, 0, 255, 0, 0, 255, 0, 255, 0, 255, 0, 255, 0}, 
  {255, 255, 0, 0, 255, 0, 0, 255, 0, 255, 0, 255, 0, 255, 0}, 
  {255, 0, 0, 0, 255, 0, 0, 255, 0, 255, 255, 255, 0, 255, 255}, 
  {255, 0, 0, 0, 0, 0, 0, 0, 0, 0, 0, 0, 0, 0, 0}, 
  {0, 0, 0, 0, 0, 0, 0, 0, 0, 0, 0, 0, 0, 0, 0}
}
  {  {0, 0, 0, 0, 0, 0, 0, 0, 0, 0, 0, 0, 0, 0, 0}, 
  {0, 0, 0, 0, 0, 0, 0, 0, 0, 0, 0, 0, 0, 0, 0}, 
  {0, 0, 255, 255, 255, 0, 255, 0, 255, 255, 255, 0, 255, 255, 255}, 
  {255, 0, 0, 255, 0, 0, 255, 0, 255, 0, 0, 0, 255, 0, 0}, 
  {255, 0, 0, 255, 0, 0, 255, 0, 255, 0, 0, 0, 255, 255, 255}, 
  {255, 0, 0, 255, 0, 0, 255, 0, 255, 0, 255, 0, 255, 0, 0}, 
  {255, 0, 0, 255, 0, 0, 255, 0, 255, 0, 255, 0, 255, 0, 0}, 
  {0, 0, 0, 255, 0, 0, 255, 0, 255, 255, 255, 0, 255, 255, 255}, 
  {0, 0, 0, 0, 0, 0, 0, 0, 0, 0, 0, 0, 0, 0, 0}, 
  {0, 0, 0, 0, 0, 0, 0, 0, 0, 0, 0, 0, 0, 0, 0}
}
