byte yodawalkgif_reds[100][10][15]=
  {  {0, 0, 0, 0, 0, 0, 0, 0, 0, 0, 0, 0, 0, 0, 0}, 
  {0, 0, 0, 0, 0, 0, 0, 0, 0, 0, 0, 0, 0, 0, 0}, 
  {0, 0, 0, 0, 0, 0, 0, 0, 0, 0, 0, 0, 0, 0, 0}, 
  {0, 0, 0, 0, 0, 0, 0, 0, 0, 0, 0, 0, 0, 0, 0}, 
  {0, 0, 0, 0, 0, 0, 0, 0, 0, 0, 0, 0, 0, 0, 0}, 
  {0, 0, 0, 0, 0, 0, 0, 0, 0, 0, 0, 0, 0, 0, 0}, 
  {0, 0, 0, 0, 0, 0, 0, 0, 0, 0, 0, 0, 0, 0, 0}, 
  {0, 0, 0, 0, 0, 0, 0, 0, 0, 0, 0, 0, 0, 0, 0}, 
  {0, 0, 0, 0, 0, 0, 0, 0, 0, 0, 0, 0, 0, 0, 0}, 
  {0, 0, 0, 0, 0, 0, 0, 0, 0, 0, 0, 0, 0, 0, 0}
}, 
  {  {0, 0, 0, 0, 0, 0, 0, 0, 0, 0, 0, 0, 0, 0, 0}, 
  {0, 0, 0, 0, 0, 0, 0, 0, 0, 0, 0, 0, 0, 0, 0}, 
  {0, 0, 0, 0, 0, 0, 0, 0, 0, 0, 0, 0, 0, 0, 0}, 
  {0, 0, 0, 0, 0, 0, 0, 0, 0, 0, 0, 0, 0, 0, 0}, 
  {139, 0, 0, 0, 0, 0, 0, 0, 0, 0, 0, 0, 0, 0, 0}, 
  {125, 0, 0, 0, 0, 0, 0, 0, 0, 0, 0, 0, 0, 0, 0}, 
  {125, 0, 0, 0, 0, 0, 0, 0, 0, 0, 0, 0, 0, 0, 0}, 
  {125, 0, 0, 0, 0, 0, 0, 0, 0, 0, 0, 0, 0, 0, 0}, 
  {125, 0, 0, 0, 0, 0, 0, 0, 0, 0, 0, 0, 0, 0, 0}, 
  {0, 0, 0, 0, 0, 0, 0, 0, 0, 0, 0, 0, 0, 0, 0}
}, 
  {  {0, 0, 0, 0, 0, 0, 0, 0, 0, 0, 0, 0, 0, 0, 0}, 
  {0, 0, 0, 0, 0, 0, 0, 0, 0, 0, 0, 0, 0, 0, 0}, 
  {0, 0, 0, 0, 0, 0, 0, 0, 0, 0, 0, 0, 0, 0, 0}, 
  {0, 0, 0, 0, 0, 0, 0, 0, 0, 0, 0, 0, 0, 0, 0}, 
  {0, 0, 0, 0, 0, 0, 0, 0, 0, 0, 0, 0, 0, 0, 0}, 
  {139, 0, 0, 0, 0, 0, 0, 0, 0, 0, 0, 0, 0, 0, 0}, 
  {125, 0, 0, 0, 0, 0, 0, 0, 0, 0, 0, 0, 0, 0, 0}, 
  {125, 0, 0, 0, 0, 0, 0, 0, 0, 0, 0, 0, 0, 0, 0}, 
  {125, 0, 0, 0, 0, 0, 0, 0, 0, 0, 0, 0, 0, 0, 0}, 
  {125, 0, 0, 0, 0, 0, 0, 0, 0, 0, 0, 0, 0, 0, 0}
}, 
  {  {0, 0, 0, 0, 0, 0, 0, 0, 0, 0, 0, 0, 0, 0, 0}, 
  {0, 0, 0, 0, 0, 0, 0, 0, 0, 0, 0, 0, 0, 0, 0}, 
  {0, 0, 0, 0, 0, 0, 0, 0, 0, 0, 0, 0, 0, 0, 0}, 
  {0, 0, 0, 0, 0, 0, 0, 0, 0, 0, 0, 0, 0, 0, 0}, 
  {0, 0, 0, 0, 0, 0, 0, 0, 0, 0, 0, 0, 0, 0, 0}, 
  {139, 0, 0, 0, 0, 0, 0, 0, 0, 0, 0, 0, 0, 0, 0}, 
  {125, 0, 0, 0, 0, 0, 0, 0, 0, 0, 0, 0, 0, 0, 0}, 
  {125, 0, 0, 0, 0, 0, 0, 0, 0, 0, 0, 0, 0, 0, 0}, 
  {125, 0, 0, 0, 0, 0, 0, 0, 0, 0, 0, 0, 0, 0, 0}, 
  {125, 0, 0, 0, 0, 0, 0, 0, 0, 0, 0, 0, 0, 0, 0}
}, 
  {  {0, 0, 0, 0, 0, 0, 0, 0, 0, 0, 0, 0, 0, 0, 0}, 
  {0, 0, 0, 0, 0, 0, 0, 0, 0, 0, 0, 0, 0, 0, 0}, 
  {0, 0, 0, 0, 0, 0, 0, 0, 0, 0, 0, 0, 0, 0, 0}, 
  {0, 0, 0, 0, 0, 0, 0, 0, 0, 0, 0, 0, 0, 0, 0}, 
  {139, 0, 0, 0, 0, 0, 0, 0, 0, 0, 0, 0, 0, 0, 0}, 
  {125, 0, 0, 0, 0, 0, 0, 0, 0, 0, 0, 0, 0, 0, 0}, 
  {125, 0, 0, 0, 0, 0, 0, 0, 0, 0, 0, 0, 0, 0, 0}, 
  {125, 0, 0, 0, 0, 0, 0, 0, 0, 0, 0, 0, 0, 0, 0}, 
  {125, 0, 0, 0, 0, 0, 0, 0, 0, 0, 0, 0, 0, 0, 0}, 
  {0, 0, 0, 0, 0, 0, 0, 0, 0, 0, 0, 0, 0, 0, 0}
}, 
  {  {0, 0, 0, 0, 0, 0, 0, 0, 0, 0, 0, 0, 0, 0, 0}, 
  {0, 0, 0, 0, 0, 0, 0, 0, 0, 0, 0, 0, 0, 0, 0}, 
  {0, 0, 0, 0, 0, 0, 0, 0, 0, 0, 0, 0, 0, 0, 0}, 
  {0, 0, 0, 0, 0, 0, 0, 0, 0, 0, 0, 0, 0, 0, 0}, 
  {218, 139, 0, 0, 0, 0, 0, 0, 0, 0, 0, 0, 0, 0, 0}, 
  {0, 125, 0, 0, 0, 0, 0, 0, 0, 0, 0, 0, 0, 0, 0}, 
  {0, 125, 0, 0, 0, 0, 0, 0, 0, 0, 0, 0, 0, 0, 0}, 
  {0, 125, 0, 0, 0, 0, 0, 0, 0, 0, 0, 0, 0, 0, 0}, 
  {0, 125, 0, 0, 0, 0, 0, 0, 0, 0, 0, 0, 0, 0, 0}, 
  {0, 0, 0, 0, 0, 0, 0, 0, 0, 0, 0, 0, 0, 0, 0}
}, 
  {  {0, 0, 0, 0, 0, 0, 0, 0, 0, 0, 0, 0, 0, 0, 0}, 
  {0, 0, 0, 0, 0, 0, 0, 0, 0, 0, 0, 0, 0, 0, 0}, 
  {0, 0, 0, 0, 0, 0, 0, 0, 0, 0, 0, 0, 0, 0, 0}, 
  {0, 0, 0, 0, 0, 0, 0, 0, 0, 0, 0, 0, 0, 0, 0}, 
  {0, 0, 0, 0, 0, 0, 0, 0, 0, 0, 0, 0, 0, 0, 0}, 
  {218, 139, 0, 0, 0, 0, 0, 0, 0, 0, 0, 0, 0, 0, 0}, 
  {0, 125, 0, 0, 0, 0, 0, 0, 0, 0, 0, 0, 0, 0, 0}, 
  {0, 125, 0, 0, 0, 0, 0, 0, 0, 0, 0, 0, 0, 0, 0}, 
  {0, 125, 0, 0, 0, 0, 0, 0, 0, 0, 0, 0, 0, 0, 0}, 
  {0, 125, 0, 0, 0, 0, 0, 0, 0, 0, 0, 0, 0, 0, 0}
}, 
  {  {0, 0, 0, 0, 0, 0, 0, 0, 0, 0, 0, 0, 0, 0, 0}, 
  {140, 0, 0, 0, 0, 0, 0, 0, 0, 0, 0, 0, 0, 0, 0}, 
  {0, 0, 0, 0, 0, 0, 0, 0, 0, 0, 0, 0, 0, 0, 0}, 
  {0, 0, 0, 0, 0, 0, 0, 0, 0, 0, 0, 0, 0, 0, 0}, 
  {0, 0, 0, 0, 0, 0, 0, 0, 0, 0, 0, 0, 0, 0, 0}, 
  {218, 139, 0, 0, 0, 0, 0, 0, 0, 0, 0, 0, 0, 0, 0}, 
  {0, 125, 0, 0, 0, 0, 0, 0, 0, 0, 0, 0, 0, 0, 0}, 
  {0, 125, 0, 0, 0, 0, 0, 0, 0, 0, 0, 0, 0, 0, 0}, 
  {0, 125, 0, 0, 0, 0, 0, 0, 0, 0, 0, 0, 0, 0, 0}, 
  {0, 125, 0, 0, 0, 0, 0, 0, 0, 0, 0, 0, 0, 0, 0}
}, 
  {  {0, 0, 0, 0, 0, 0, 0, 0, 0, 0, 0, 0, 0, 0, 0}, 
  {140, 0, 0, 0, 0, 0, 0, 0, 0, 0, 0, 0, 0, 0, 0}, 
  {0, 0, 0, 0, 0, 0, 0, 0, 0, 0, 0, 0, 0, 0, 0}, 
  {0, 0, 0, 0, 0, 0, 0, 0, 0, 0, 0, 0, 0, 0, 0}, 
  {218, 139, 0, 0, 0, 0, 0, 0, 0, 0, 0, 0, 0, 0, 0}, 
  {0, 125, 0, 0, 0, 0, 0, 0, 0, 0, 0, 0, 0, 0, 0}, 
  {0, 125, 0, 0, 0, 0, 0, 0, 0, 0, 0, 0, 0, 0, 0}, 
  {0, 125, 0, 0, 0, 0, 0, 0, 0, 0, 0, 0, 0, 0, 0}, 
  {0, 125, 0, 0, 0, 0, 0, 0, 0, 0, 0, 0, 0, 0, 0}, 
  {0, 0, 0, 0, 0, 0, 0, 0, 0, 0, 0, 0, 0, 0, 0}
}, 
  {  {0, 0, 0, 0, 0, 0, 0, 0, 0, 0, 0, 0, 0, 0, 0}, 
  {140, 0, 0, 0, 0, 0, 0, 0, 0, 0, 0, 0, 0, 0, 0}, 
  {0, 0, 0, 0, 0, 0, 0, 0, 0, 0, 0, 0, 0, 0, 0}, 
  {0, 0, 0, 0, 0, 0, 0, 0, 0, 0, 0, 0, 0, 0, 0}, 
  {225, 218, 139, 0, 0, 0, 0, 0, 0, 0, 0, 0, 0, 0, 0}, 
  {0, 0, 125, 0, 0, 0, 0, 0, 0, 0, 0, 0, 0, 0, 0}, 
  {0, 0, 125, 0, 0, 0, 0, 0, 0, 0, 0, 0, 0, 0, 0}, 
  {0, 0, 125, 0, 0, 0, 0, 0, 0, 0, 0, 0, 0, 0, 0}, 
  {0, 0, 125, 0, 0, 0, 0, 0, 0, 0, 0, 0, 0, 0, 0}, 
  {0, 0, 0, 0, 0, 0, 0, 0, 0, 0, 0, 0, 0, 0, 0}
}, 
  {  {0, 0, 0, 0, 0, 0, 0, 0, 0, 0, 0, 0, 0, 0, 0}, 
  {140, 0, 0, 0, 0, 0, 0, 0, 0, 0, 0, 0, 0, 0, 0}, 
  {0, 0, 0, 0, 0, 0, 0, 0, 0, 0, 0, 0, 0, 0, 0}, 
  {0, 0, 0, 0, 0, 0, 0, 0, 0, 0, 0, 0, 0, 0, 0}, 
  {0, 0, 0, 0, 0, 0, 0, 0, 0, 0, 0, 0, 0, 0, 0}, 
  {225, 218, 139, 0, 0, 0, 0, 0, 0, 0, 0, 0, 0, 0, 0}, 
  {0, 0, 125, 0, 0, 0, 0, 0, 0, 0, 0, 0, 0, 0, 0}, 
  {0, 0, 125, 0, 0, 0, 0, 0, 0, 0, 0, 0, 0, 0, 0}, 
  {0, 0, 125, 0, 0, 0, 0, 0, 0, 0, 0, 0, 0, 0, 0}, 
  {0, 0, 125, 0, 0, 0, 0, 0, 0, 0, 0, 0, 0, 0, 0}
}, 
  {  {0, 0, 0, 0, 0, 0, 0, 0, 0, 0, 0, 0, 0, 0, 0}, 
  {140, 140, 0, 0, 0, 0, 0, 0, 0, 0, 0, 0, 0, 0, 0}, 
  {140, 0, 0, 0, 0, 0, 0, 0, 0, 0, 0, 0, 0, 0, 0}, 
  {0, 0, 0, 0, 0, 0, 0, 0, 0, 0, 0, 0, 0, 0, 0}, 
  {225, 0, 0, 0, 0, 0, 0, 0, 0, 0, 0, 0, 0, 0, 0}, 
  {225, 218, 139, 0, 0, 0, 0, 0, 0, 0, 0, 0, 0, 0, 0}, 
  {0, 0, 125, 0, 0, 0, 0, 0, 0, 0, 0, 0, 0, 0, 0}, 
  {0, 0, 125, 0, 0, 0, 0, 0, 0, 0, 0, 0, 0, 0, 0}, 
  {0, 0, 125, 0, 0, 0, 0, 0, 0, 0, 0, 0, 0, 0, 0}, 
  {0, 0, 125, 0, 0, 0, 0, 0, 0, 0, 0, 0, 0, 0, 0}
}, 
  {  {0, 0, 0, 0, 0, 0, 0, 0, 0, 0, 0, 0, 0, 0, 0}, 
  {140, 140, 0, 0, 0, 0, 0, 0, 0, 0, 0, 0, 0, 0, 0}, 
  {140, 0, 0, 0, 0, 0, 0, 0, 0, 0, 0, 0, 0, 0, 0}, 
  {0, 0, 0, 0, 0, 0, 0, 0, 0, 0, 0, 0, 0, 0, 0}, 
  {225, 218, 139, 0, 0, 0, 0, 0, 0, 0, 0, 0, 0, 0, 0}, 
  {0, 0, 125, 0, 0, 0, 0, 0, 0, 0, 0, 0, 0, 0, 0}, 
  {0, 0, 125, 0, 0, 0, 0, 0, 0, 0, 0, 0, 0, 0, 0}, 
  {0, 0, 125, 0, 0, 0, 0, 0, 0, 0, 0, 0, 0, 0, 0}, 
  {0, 0, 125, 0, 0, 0, 0, 0, 0, 0, 0, 0, 0, 0, 0}, 
  {140, 0, 0, 0, 0, 0, 0, 0, 0, 0, 0, 0, 0, 0, 0}
}, 
  {  {0, 0, 0, 0, 0, 0, 0, 0, 0, 0, 0, 0, 0, 0, 0}, 
  {140, 140, 0, 0, 0, 0, 0, 0, 0, 0, 0, 0, 0, 0, 0}, 
  {140, 0, 0, 0, 0, 0, 0, 0, 0, 0, 0, 0, 0, 0, 0}, 
  {0, 0, 0, 0, 0, 0, 0, 0, 0, 0, 0, 0, 0, 0, 0}, 
  {225, 225, 218, 139, 0, 0, 0, 0, 0, 0, 0, 0, 0, 0, 0}, 
  {0, 0, 0, 125, 0, 0, 0, 0, 0, 0, 0, 0, 0, 0, 0}, 
  {0, 0, 0, 125, 0, 0, 0, 0, 0, 0, 0, 0, 0, 0, 0}, 
  {0, 0, 0, 125, 0, 0, 0, 0, 0, 0, 0, 0, 0, 0, 0}, 
  {0, 0, 0, 125, 0, 0, 0, 0, 0, 0, 0, 0, 0, 0, 0}, 
  {140, 0, 0, 0, 0, 0, 0, 0, 0, 0, 0, 0, 0, 0, 0}
}, 
  {  {0, 0, 0, 0, 0, 0, 0, 0, 0, 0, 0, 0, 0, 0, 0}, 
  {140, 140, 0, 0, 0, 0, 0, 0, 0, 0, 0, 0, 0, 0, 0}, 
  {140, 0, 0, 0, 0, 0, 0, 0, 0, 0, 0, 0, 0, 0, 0}, 
  {0, 0, 0, 0, 0, 0, 0, 0, 0, 0, 0, 0, 0, 0, 0}, 
  {225, 0, 0, 0, 0, 0, 0, 0, 0, 0, 0, 0, 0, 0, 0}, 
  {225, 225, 218, 139, 0, 0, 0, 0, 0, 0, 0, 0, 0, 0, 0}, 
  {0, 0, 0, 125, 0, 0, 0, 0, 0, 0, 0, 0, 0, 0, 0}, 
  {0, 0, 0, 125, 0, 0, 0, 0, 0, 0, 0, 0, 0, 0, 0}, 
  {0, 0, 0, 125, 0, 0, 0, 0, 0, 0, 0, 0, 0, 0, 0}, 
  {140, 0, 0, 125, 0, 0, 0, 0, 0, 0, 0, 0, 0, 0, 0}
}, 
  {  {140, 0, 0, 0, 0, 0, 0, 0, 0, 0, 0, 0, 0, 0, 0}, 
  {109, 140, 140, 0, 0, 0, 0, 0, 0, 0, 0, 0, 0, 0, 0}, 
  {140, 140, 0, 0, 0, 0, 0, 0, 0, 0, 0, 0, 0, 0, 0}, 
  {140, 0, 0, 0, 0, 0, 0, 0, 0, 0, 0, 0, 0, 0, 0}, 
  {225, 225, 0, 0, 0, 0, 0, 0, 0, 0, 0, 0, 0, 0, 0}, 
  {225, 225, 218, 139, 0, 0, 0, 0, 0, 0, 0, 0, 0, 0, 0}, 
  {125, 0, 0, 125, 0, 0, 0, 0, 0, 0, 0, 0, 0, 0, 0}, 
  {225, 0, 0, 125, 0, 0, 0, 0, 0, 0, 0, 0, 0, 0, 0}, 
  {140, 0, 0, 125, 0, 0, 0, 0, 0, 0, 0, 0, 0, 0, 0}, 
  {140, 140, 0, 125, 0, 0, 0, 0, 0, 0, 0, 0, 0, 0, 0}
}, 
  {  {140, 0, 0, 0, 0, 0, 0, 0, 0, 0, 0, 0, 0, 0, 0}, 
  {109, 140, 140, 0, 0, 0, 0, 0, 0, 0, 0, 0, 0, 0, 0}, 
  {140, 140, 0, 0, 0, 0, 0, 0, 0, 0, 0, 0, 0, 0, 0}, 
  {140, 0, 0, 0, 0, 0, 0, 0, 0, 0, 0, 0, 0, 0, 0}, 
  {225, 225, 218, 139, 0, 0, 0, 0, 0, 0, 0, 0, 0, 0, 0}, 
  {225, 0, 0, 125, 0, 0, 0, 0, 0, 0, 0, 0, 0, 0, 0}, 
  {125, 0, 0, 125, 0, 0, 0, 0, 0, 0, 0, 0, 0, 0, 0}, 
  {225, 0, 0, 125, 0, 0, 0, 0, 0, 0, 0, 0, 0, 0, 0}, 
  {140, 0, 0, 125, 0, 0, 0, 0, 0, 0, 0, 0, 0, 0, 0}, 
  {140, 140, 0, 0, 0, 0, 0, 0, 0, 0, 0, 0, 0, 0, 0}
}, 
  {  {140, 0, 0, 0, 0, 0, 0, 0, 0, 0, 0, 0, 0, 0, 0}, 
  {109, 140, 140, 0, 0, 0, 0, 0, 0, 0, 0, 0, 0, 0, 0}, 
  {140, 140, 0, 0, 0, 0, 0, 0, 0, 0, 0, 0, 0, 0, 0}, 
  {140, 0, 0, 0, 0, 0, 0, 0, 0, 0, 0, 0, 0, 0, 0}, 
  {225, 225, 225, 218, 139, 0, 0, 0, 0, 0, 0, 0, 0, 0, 0}, 
  {225, 0, 0, 0, 125, 0, 0, 0, 0, 0, 0, 0, 0, 0, 0}, 
  {125, 0, 0, 0, 125, 0, 0, 0, 0, 0, 0, 0, 0, 0, 0}, 
  {225, 0, 0, 0, 125, 0, 0, 0, 0, 0, 0, 0, 0, 0, 0}, 
  {140, 0, 0, 0, 125, 0, 0, 0, 0, 0, 0, 0, 0, 0, 0}, 
  {0, 0, 0, 0, 0, 0, 0, 0, 0, 0, 0, 0, 0, 0, 0}
}, 
  {  {140, 0, 0, 0, 0, 0, 0, 0, 0, 0, 0, 0, 0, 0, 0}, 
  {109, 140, 140, 0, 0, 0, 0, 0, 0, 0, 0, 0, 0, 0, 0}, 
  {140, 140, 0, 0, 0, 0, 0, 0, 0, 0, 0, 0, 0, 0, 0}, 
  {140, 0, 0, 0, 0, 0, 0, 0, 0, 0, 0, 0, 0, 0, 0}, 
  {225, 225, 0, 0, 0, 0, 0, 0, 0, 0, 0, 0, 0, 0, 0}, 
  {225, 225, 225, 218, 139, 0, 0, 0, 0, 0, 0, 0, 0, 0, 0}, 
  {125, 0, 0, 0, 125, 0, 0, 0, 0, 0, 0, 0, 0, 0, 0}, 
  {225, 0, 0, 0, 125, 0, 0, 0, 0, 0, 0, 0, 0, 0, 0}, 
  {140, 0, 0, 0, 125, 0, 0, 0, 0, 0, 0, 0, 0, 0, 0}, 
  {0, 0, 0, 0, 125, 0, 0, 0, 0, 0, 0, 0, 0, 0, 0}
}, 
  {  {140, 140, 0, 0, 0, 0, 0, 0, 0, 0, 0, 0, 0, 0, 0}, 
  {140, 109, 140, 140, 0, 0, 0, 0, 0, 0, 0, 0, 0, 0, 0}, 
  {140, 140, 140, 0, 0, 0, 0, 0, 0, 0, 0, 0, 0, 0, 0}, 
  {140, 140, 0, 0, 0, 0, 0, 0, 0, 0, 0, 0, 0, 0, 0}, 
  {140, 225, 225, 0, 0, 0, 0, 0, 0, 0, 0, 0, 0, 0, 0}, 
  {225, 225, 225, 218, 139, 0, 0, 0, 0, 0, 0, 0, 0, 0, 0}, 
  {125, 125, 0, 0, 125, 0, 0, 0, 0, 0, 0, 0, 0, 0, 0}, 
  {225, 225, 0, 0, 125, 0, 0, 0, 0, 0, 0, 0, 0, 0, 0}, 
  {140, 140, 0, 0, 125, 0, 0, 0, 0, 0, 0, 0, 0, 0, 0}, 
  {140, 0, 0, 0, 125, 0, 0, 0, 0, 0, 0, 0, 0, 0, 0}
}, 
  {  {140, 140, 0, 0, 0, 0, 0, 0, 0, 0, 0, 0, 0, 0, 0}, 
  {140, 109, 140, 140, 0, 0, 0, 0, 0, 0, 0, 0, 0, 0, 0}, 
  {140, 140, 140, 0, 0, 0, 0, 0, 0, 0, 0, 0, 0, 0, 0}, 
  {140, 140, 0, 0, 0, 0, 0, 0, 0, 0, 0, 0, 0, 0, 0}, 
  {140, 225, 225, 218, 139, 0, 0, 0, 0, 0, 0, 0, 0, 0, 0}, 
  {225, 225, 0, 0, 125, 0, 0, 0, 0, 0, 0, 0, 0, 0, 0}, 
  {125, 125, 0, 0, 125, 0, 0, 0, 0, 0, 0, 0, 0, 0, 0}, 
  {225, 225, 0, 0, 125, 0, 0, 0, 0, 0, 0, 0, 0, 0, 0}, 
  {140, 140, 0, 0, 125, 0, 0, 0, 0, 0, 0, 0, 0, 0, 0}, 
  {140, 0, 0, 0, 0, 0, 0, 0, 0, 0, 0, 0, 0, 0, 0}
}, 
  {  {140, 140, 0, 0, 0, 0, 0, 0, 0, 0, 0, 0, 0, 0, 0}, 
  {140, 109, 140, 140, 0, 0, 0, 0, 0, 0, 0, 0, 0, 0, 0}, 
  {140, 140, 140, 0, 0, 0, 0, 0, 0, 0, 0, 0, 0, 0, 0}, 
  {140, 140, 0, 0, 0, 0, 0, 0, 0, 0, 0, 0, 0, 0, 0}, 
  {140, 225, 225, 225, 218, 139, 0, 0, 0, 0, 0, 0, 0, 0, 0}, 
  {225, 225, 0, 0, 0, 125, 0, 0, 0, 0, 0, 0, 0, 0, 0}, 
  {125, 125, 0, 0, 0, 125, 0, 0, 0, 0, 0, 0, 0, 0, 0}, 
  {225, 225, 0, 0, 0, 125, 0, 0, 0, 0, 0, 0, 0, 0, 0}, 
  {0, 140, 0, 0, 0, 125, 0, 0, 0, 0, 0, 0, 0, 0, 0}, 
  {0, 140, 140, 0, 0, 0, 0, 0, 0, 0, 0, 0, 0, 0, 0}
}, 
  {  {140, 140, 0, 0, 0, 0, 0, 0, 0, 0, 0, 0, 0, 0, 0}, 
  {140, 109, 140, 140, 0, 0, 0, 0, 0, 0, 0, 0, 0, 0, 0}, 
  {140, 140, 140, 0, 0, 0, 0, 0, 0, 0, 0, 0, 0, 0, 0}, 
  {140, 140, 0, 0, 0, 0, 0, 0, 0, 0, 0, 0, 0, 0, 0}, 
  {140, 225, 225, 0, 0, 0, 0, 0, 0, 0, 0, 0, 0, 0, 0}, 
  {225, 225, 225, 225, 218, 139, 0, 0, 0, 0, 0, 0, 0, 0, 0}, 
  {125, 125, 0, 0, 0, 125, 0, 0, 0, 0, 0, 0, 0, 0, 0}, 
  {225, 225, 0, 0, 0, 125, 0, 0, 0, 0, 0, 0, 0, 0, 0}, 
  {0, 140, 0, 0, 0, 125, 0, 0, 0, 0, 0, 0, 0, 0, 0}, 
  {0, 140, 140, 0, 0, 125, 0, 0, 0, 0, 0, 0, 0, 0, 0}
}, 
  {  {140, 140, 140, 0, 0, 0, 0, 0, 0, 0, 0, 0, 0, 0, 0}, 
  {109, 140, 109, 140, 140, 0, 0, 0, 0, 0, 0, 0, 0, 0, 0}, 
  {140, 140, 140, 140, 0, 0, 0, 0, 0, 0, 0, 0, 0, 0, 0}, 
  {140, 140, 140, 0, 0, 0, 0, 0, 0, 0, 0, 0, 0, 0, 0}, 
  {225, 140, 225, 225, 0, 0, 0, 0, 0, 0, 0, 0, 0, 0, 0}, 
  {225, 225, 225, 225, 218, 139, 0, 0, 0, 0, 0, 0, 0, 0, 0}, 
  {125, 125, 125, 0, 0, 125, 0, 0, 0, 0, 0, 0, 0, 0, 0}, 
  {225, 225, 225, 0, 0, 125, 0, 0, 0, 0, 0, 0, 0, 0, 0}, 
  {0, 0, 140, 0, 0, 125, 0, 0, 0, 0, 0, 0, 0, 0, 0}, 
  {0, 0, 140, 140, 0, 125, 0, 0, 0, 0, 0, 0, 0, 0, 0}
}, 
  {  {140, 140, 140, 0, 0, 0, 0, 0, 0, 0, 0, 0, 0, 0, 0}, 
  {109, 140, 109, 140, 140, 0, 0, 0, 0, 0, 0, 0, 0, 0, 0}, 
  {140, 140, 140, 140, 0, 0, 0, 0, 0, 0, 0, 0, 0, 0, 0}, 
  {140, 140, 140, 0, 0, 0, 0, 0, 0, 0, 0, 0, 0, 0, 0}, 
  {225, 140, 225, 225, 218, 139, 0, 0, 0, 0, 0, 0, 0, 0, 0}, 
  {225, 225, 225, 0, 0, 125, 0, 0, 0, 0, 0, 0, 0, 0, 0}, 
  {125, 125, 125, 0, 0, 125, 0, 0, 0, 0, 0, 0, 0, 0, 0}, 
  {225, 225, 225, 0, 0, 125, 0, 0, 0, 0, 0, 0, 0, 0, 0}, 
  {0, 0, 140, 0, 0, 125, 0, 0, 0, 0, 0, 0, 0, 0, 0}, 
  {0, 0, 140, 140, 0, 0, 0, 0, 0, 0, 0, 0, 0, 0, 0}
}, 
  {  {140, 140, 140, 0, 0, 0, 0, 0, 0, 0, 0, 0, 0, 0, 0}, 
  {109, 140, 109, 140, 140, 0, 0, 0, 0, 0, 0, 0, 0, 0, 0}, 
  {140, 140, 140, 140, 0, 0, 0, 0, 0, 0, 0, 0, 0, 0, 0}, 
  {140, 140, 140, 0, 0, 0, 0, 0, 0, 0, 0, 0, 0, 0, 0}, 
  {225, 140, 225, 225, 225, 218, 139, 0, 0, 0, 0, 0, 0, 0, 0}, 
  {225, 225, 225, 0, 0, 0, 125, 0, 0, 0, 0, 0, 0, 0, 0}, 
  {125, 125, 125, 0, 0, 0, 125, 0, 0, 0, 0, 0, 0, 0, 0}, 
  {225, 225, 225, 0, 0, 0, 125, 0, 0, 0, 0, 0, 0, 0, 0}, 
  {0, 0, 140, 0, 0, 0, 125, 0, 0, 0, 0, 0, 0, 0, 0}, 
  {140, 0, 140, 140, 0, 0, 0, 0, 0, 0, 0, 0, 0, 0, 0}
}, 
  {  {140, 140, 140, 0, 0, 0, 0, 0, 0, 0, 0, 0, 0, 0, 0}, 
  {109, 140, 109, 140, 140, 0, 0, 0, 0, 0, 0, 0, 0, 0, 0}, 
  {140, 140, 140, 140, 0, 0, 0, 0, 0, 0, 0, 0, 0, 0, 0}, 
  {140, 140, 140, 0, 0, 0, 0, 0, 0, 0, 0, 0, 0, 0, 0}, 
  {225, 140, 225, 225, 0, 0, 0, 0, 0, 0, 0, 0, 0, 0, 0}, 
  {225, 225, 225, 225, 225, 218, 139, 0, 0, 0, 0, 0, 0, 0, 0}, 
  {125, 125, 125, 0, 0, 0, 125, 0, 0, 0, 0, 0, 0, 0, 0}, 
  {225, 225, 225, 0, 0, 0, 125, 0, 0, 0, 0, 0, 0, 0, 0}, 
  {0, 140, 140, 0, 0, 0, 125, 0, 0, 0, 0, 0, 0, 0, 0}, 
  {140, 140, 0, 0, 0, 0, 125, 0, 0, 0, 0, 0, 0, 0, 0}
}, 
  {  {0, 140, 140, 140, 0, 0, 0, 0, 0, 0, 0, 0, 0, 0, 0}, 
  {140, 109, 140, 109, 140, 140, 0, 0, 0, 0, 0, 0, 0, 0, 0}, 
  {140, 140, 140, 140, 140, 0, 0, 0, 0, 0, 0, 0, 0, 0, 0}, 
  {0, 140, 140, 140, 0, 0, 0, 0, 0, 0, 0, 0, 0, 0, 0}, 
  {225, 225, 140, 225, 225, 0, 0, 0, 0, 0, 0, 0, 0, 0, 0}, 
  {225, 225, 225, 225, 225, 218, 139, 0, 0, 0, 0, 0, 0, 0, 0}, 
  {125, 125, 125, 125, 0, 0, 125, 0, 0, 0, 0, 0, 0, 0, 0}, 
  {225, 225, 225, 225, 0, 0, 125, 0, 0, 0, 0, 0, 0, 0, 0}, 
  {140, 0, 140, 140, 0, 0, 125, 0, 0, 0, 0, 0, 0, 0, 0}, 
  {140, 140, 140, 0, 0, 0, 125, 0, 0, 0, 0, 0, 0, 0, 0}
}, 
  {  {0, 140, 140, 140, 0, 0, 0, 0, 0, 0, 0, 0, 0, 0, 0}, 
  {140, 109, 140, 109, 140, 140, 0, 0, 0, 0, 0, 0, 0, 0, 0}, 
  {140, 140, 140, 140, 140, 0, 0, 0, 0, 0, 0, 0, 0, 0, 0}, 
  {0, 140, 140, 140, 0, 0, 0, 0, 0, 0, 0, 0, 0, 0, 0}, 
  {225, 225, 140, 225, 225, 218, 139, 0, 0, 0, 0, 0, 0, 0, 0}, 
  {225, 225, 225, 225, 0, 0, 125, 0, 0, 0, 0, 0, 0, 0, 0}, 
  {125, 125, 125, 125, 0, 0, 125, 0, 0, 0, 0, 0, 0, 0, 0}, 
  {225, 225, 225, 225, 0, 0, 125, 0, 0, 0, 0, 0, 0, 0, 0}, 
  {140, 0, 140, 140, 0, 0, 125, 0, 0, 0, 0, 0, 0, 0, 0}, 
  {140, 140, 140, 0, 0, 0, 0, 0, 0, 0, 0, 0, 0, 0, 0}
}, 
  {  {0, 140, 140, 140, 0, 0, 0, 0, 0, 0, 0, 0, 0, 0, 0}, 
  {140, 109, 140, 109, 140, 140, 0, 0, 0, 0, 0, 0, 0, 0, 0}, 
  {140, 140, 140, 140, 140, 0, 0, 0, 0, 0, 0, 0, 0, 0, 0}, 
  {0, 140, 140, 140, 0, 0, 0, 0, 0, 0, 0, 0, 0, 0, 0}, 
  {225, 225, 140, 225, 225, 225, 218, 139, 0, 0, 0, 0, 0, 0, 0}, 
  {225, 225, 225, 225, 0, 0, 0, 125, 0, 0, 0, 0, 0, 0, 0}, 
  {125, 125, 125, 125, 0, 0, 0, 125, 0, 0, 0, 0, 0, 0, 0}, 
  {225, 225, 225, 225, 0, 0, 0, 125, 0, 0, 0, 0, 0, 0, 0}, 
  {140, 0, 140, 140, 0, 0, 0, 125, 0, 0, 0, 0, 0, 0, 0}, 
  {140, 140, 140, 0, 0, 0, 0, 0, 0, 0, 0, 0, 0, 0, 0}
}, 
  {  {0, 140, 140, 140, 0, 0, 0, 0, 0, 0, 0, 0, 0, 0, 0}, 
  {140, 109, 140, 109, 140, 140, 0, 0, 0, 0, 0, 0, 0, 0, 0}, 
  {140, 140, 140, 140, 140, 0, 0, 0, 0, 0, 0, 0, 0, 0, 0}, 
  {0, 140, 140, 140, 0, 0, 0, 0, 0, 0, 0, 0, 0, 0, 0}, 
  {225, 225, 140, 225, 225, 0, 0, 0, 0, 0, 0, 0, 0, 0, 0}, 
  {225, 225, 225, 225, 225, 225, 218, 139, 0, 0, 0, 0, 0, 0, 0}, 
  {125, 125, 125, 125, 0, 0, 0, 125, 0, 0, 0, 0, 0, 0, 0}, 
  {225, 225, 225, 225, 0, 0, 0, 125, 0, 0, 0, 0, 0, 0, 0}, 
  {140, 0, 0, 140, 0, 0, 0, 125, 0, 0, 0, 0, 0, 0, 0}, 
  {140, 140, 0, 140, 140, 0, 0, 125, 0, 0, 0, 0, 0, 0, 0}
}, 
  {  {0, 0, 140, 140, 140, 0, 0, 0, 0, 0, 0, 0, 0, 0, 0}, 
  {140, 140, 109, 140, 109, 140, 140, 0, 0, 0, 0, 0, 0, 0, 0}, 
  {140, 140, 140, 140, 140, 140, 0, 0, 0, 0, 0, 0, 0, 0, 0}, 
  {0, 0, 140, 140, 140, 0, 0, 0, 0, 0, 0, 0, 0, 0, 0}, 
  {225, 225, 225, 140, 225, 225, 0, 0, 0, 0, 0, 0, 0, 0, 0}, 
  {225, 225, 225, 225, 225, 225, 218, 139, 0, 0, 0, 0, 0, 0, 0}, 
  {0, 125, 125, 125, 125, 0, 0, 125, 0, 0, 0, 0, 0, 0, 0}, 
  {225, 225, 225, 225, 225, 0, 0, 125, 0, 0, 0, 0, 0, 0, 0}, 
  {140, 140, 0, 0, 140, 0, 0, 125, 0, 0, 0, 0, 0, 0, 0}, 
  {140, 0, 0, 0, 140, 140, 0, 125, 0, 0, 0, 0, 0, 0, 0}
}, 
  {  {0, 0, 140, 140, 140, 0, 0, 0, 0, 0, 0, 0, 0, 0, 0}, 
  {140, 140, 109, 140, 109, 140, 140, 0, 0, 0, 0, 0, 0, 0, 0}, 
  {140, 140, 140, 140, 140, 140, 0, 0, 0, 0, 0, 0, 0, 0, 0}, 
  {0, 0, 140, 140, 140, 0, 0, 0, 0, 0, 0, 0, 0, 0, 0}, 
  {225, 225, 225, 140, 225, 225, 218, 139, 0, 0, 0, 0, 0, 0, 0}, 
  {225, 225, 225, 225, 225, 0, 0, 125, 0, 0, 0, 0, 0, 0, 0}, 
  {0, 125, 125, 125, 125, 0, 0, 125, 0, 0, 0, 0, 0, 0, 0}, 
  {225, 225, 225, 225, 225, 0, 0, 125, 0, 0, 0, 0, 0, 0, 0}, 
  {140, 140, 0, 0, 140, 0, 0, 125, 0, 0, 0, 0, 0, 0, 0}, 
  {140, 0, 0, 0, 140, 140, 0, 0, 0, 0, 0, 0, 0, 0, 0}
}, 
  {  {0, 0, 140, 140, 140, 0, 0, 0, 0, 0, 0, 0, 0, 0, 0}, 
  {140, 140, 109, 140, 109, 140, 140, 0, 0, 0, 0, 0, 0, 0, 0}, 
  {140, 140, 140, 140, 140, 140, 0, 0, 0, 0, 0, 0, 0, 0, 0}, 
  {0, 0, 140, 140, 140, 0, 0, 0, 0, 0, 0, 0, 0, 0, 0}, 
  {225, 225, 225, 140, 225, 225, 225, 218, 139, 0, 0, 0, 0, 0, 0}, 
  {225, 225, 225, 225, 225, 0, 0, 0, 125, 0, 0, 0, 0, 0, 0}, 
  {0, 125, 125, 125, 125, 0, 0, 0, 125, 0, 0, 0, 0, 0, 0}, 
  {225, 225, 225, 225, 225, 0, 0, 0, 125, 0, 0, 0, 0, 0, 0}, 
  {140, 140, 0, 0, 140, 0, 0, 0, 125, 0, 0, 0, 0, 0, 0}, 
  {140, 0, 0, 0, 140, 140, 0, 0, 0, 0, 0, 0, 0, 0, 0}
}, 
  {  {0, 0, 140, 140, 140, 0, 0, 0, 0, 0, 0, 0, 0, 0, 0}, 
  {140, 140, 109, 140, 109, 140, 140, 0, 0, 0, 0, 0, 0, 0, 0}, 
  {140, 140, 140, 140, 140, 140, 0, 0, 0, 0, 0, 0, 0, 0, 0}, 
  {0, 0, 140, 140, 140, 0, 0, 0, 0, 0, 0, 0, 0, 0, 0}, 
  {225, 225, 225, 140, 225, 225, 0, 0, 0, 0, 0, 0, 0, 0, 0}, 
  {225, 225, 225, 225, 225, 225, 225, 218, 139, 0, 0, 0, 0, 0, 0}, 
  {0, 125, 125, 125, 125, 0, 0, 0, 125, 0, 0, 0, 0, 0, 0}, 
  {225, 225, 225, 225, 225, 0, 0, 0, 125, 0, 0, 0, 0, 0, 0}, 
  {0, 140, 0, 0, 140, 0, 0, 0, 125, 0, 0, 0, 0, 0, 0}, 
  {0, 140, 140, 0, 140, 140, 0, 0, 125, 0, 0, 0, 0, 0, 0}
}, 
  {  {0, 0, 0, 140, 140, 140, 0, 0, 0, 0, 0, 0, 0, 0, 0}, 
  {140, 140, 140, 109, 140, 109, 140, 140, 0, 0, 0, 0, 0, 0, 0}, 
  {0, 140, 140, 140, 140, 140, 140, 0, 0, 0, 0, 0, 0, 0, 0}, 
  {0, 0, 0, 140, 140, 140, 0, 0, 0, 0, 0, 0, 0, 0, 0}, 
  {0, 225, 225, 225, 140, 225, 225, 0, 0, 0, 0, 0, 0, 0, 0}, 
  {225, 225, 225, 225, 225, 225, 225, 218, 139, 0, 0, 0, 0, 0, 0}, 
  {225, 0, 125, 125, 125, 125, 0, 0, 125, 0, 0, 0, 0, 0, 0}, 
  {0, 225, 225, 225, 225, 225, 0, 0, 125, 0, 0, 0, 0, 0, 0}, 
  {0, 0, 140, 0, 140, 140, 0, 0, 125, 0, 0, 0, 0, 0, 0}, 
  {0, 0, 140, 140, 140, 0, 0, 0, 125, 0, 0, 0, 0, 0, 0}
}, 
  {  {0, 0, 0, 140, 140, 140, 0, 0, 0, 0, 0, 0, 0, 0, 0}, 
  {140, 140, 140, 109, 140, 109, 140, 140, 0, 0, 0, 0, 0, 0, 0}, 
  {0, 140, 140, 140, 140, 140, 140, 0, 0, 0, 0, 0, 0, 0, 0}, 
  {0, 0, 0, 140, 140, 140, 0, 0, 0, 0, 0, 0, 0, 0, 0}, 
  {0, 225, 225, 225, 140, 225, 225, 218, 139, 0, 0, 0, 0, 0, 0}, 
  {225, 225, 225, 225, 225, 225, 0, 0, 125, 0, 0, 0, 0, 0, 0}, 
  {225, 0, 125, 125, 125, 125, 0, 0, 125, 0, 0, 0, 0, 0, 0}, 
  {0, 225, 225, 225, 225, 225, 0, 0, 125, 0, 0, 0, 0, 0, 0}, 
  {0, 0, 140, 0, 140, 140, 0, 0, 125, 0, 0, 0, 0, 0, 0}, 
  {0, 0, 140, 140, 140, 0, 0, 0, 0, 0, 0, 0, 0, 0, 0}
}, 
  {  {0, 0, 0, 140, 140, 140, 0, 0, 0, 0, 0, 0, 0, 0, 0}, 
  {140, 140, 140, 109, 140, 109, 140, 140, 0, 0, 0, 0, 0, 0, 0}, 
  {0, 140, 140, 140, 140, 140, 140, 0, 0, 0, 0, 0, 0, 0, 0}, 
  {0, 0, 0, 140, 140, 140, 0, 0, 0, 0, 0, 0, 0, 0, 0}, 
  {0, 225, 225, 225, 140, 225, 225, 225, 218, 139, 0, 0, 0, 0, 0}, 
  {225, 225, 225, 225, 225, 225, 0, 0, 0, 125, 0, 0, 0, 0, 0}, 
  {225, 0, 125, 125, 125, 125, 0, 0, 0, 125, 0, 0, 0, 0, 0}, 
  {0, 225, 225, 225, 225, 225, 0, 0, 0, 125, 0, 0, 0, 0, 0}, 
  {0, 0, 140, 0, 140, 140, 0, 0, 0, 125, 0, 0, 0, 0, 0}, 
  {0, 0, 140, 140, 140, 0, 0, 0, 0, 0, 0, 0, 0, 0, 0}
}, 
  {  {0, 0, 0, 140, 140, 140, 0, 0, 0, 0, 0, 0, 0, 0, 0}, 
  {140, 140, 140, 109, 140, 109, 140, 140, 0, 0, 0, 0, 0, 0, 0}, 
  {0, 140, 140, 140, 140, 140, 140, 0, 0, 0, 0, 0, 0, 0, 0}, 
  {0, 0, 0, 140, 140, 140, 0, 0, 0, 0, 0, 0, 0, 0, 0}, 
  {0, 225, 225, 225, 140, 225, 225, 0, 0, 0, 0, 0, 0, 0, 0}, 
  {225, 225, 225, 225, 225, 225, 225, 225, 218, 139, 0, 0, 0, 0, 0}, 
  {225, 0, 125, 125, 125, 125, 0, 0, 0, 125, 0, 0, 0, 0, 0}, 
  {0, 225, 225, 225, 225, 225, 0, 0, 0, 125, 0, 0, 0, 0, 0}, 
  {0, 0, 140, 0, 140, 140, 0, 0, 0, 125, 0, 0, 0, 0, 0}, 
  {0, 0, 140, 140, 140, 0, 0, 0, 0, 125, 0, 0, 0, 0, 0}
}, 
  {  {0, 0, 0, 0, 140, 140, 140, 0, 0, 0, 0, 0, 0, 0, 0}, 
  {0, 140, 140, 140, 109, 140, 109, 140, 140, 0, 0, 0, 0, 0, 0}, 
  {0, 0, 140, 140, 140, 140, 140, 140, 0, 0, 0, 0, 0, 0, 0}, 
  {0, 0, 0, 0, 140, 140, 140, 0, 0, 0, 0, 0, 0, 0, 0}, 
  {0, 0, 225, 225, 225, 140, 225, 225, 0, 0, 0, 0, 0, 0, 0}, 
  {0, 225, 225, 225, 225, 225, 225, 225, 218, 139, 0, 0, 0, 0, 0}, 
  {225, 225, 0, 125, 125, 125, 125, 0, 0, 125, 0, 0, 0, 0, 0}, 
  {140, 0, 225, 225, 225, 225, 225, 0, 0, 125, 0, 0, 0, 0, 0}, 
  {0, 0, 0, 140, 0, 0, 140, 0, 0, 125, 0, 0, 0, 0, 0}, 
  {0, 0, 0, 140, 140, 0, 140, 140, 0, 125, 0, 0, 0, 0, 0}
}, 
  {  {0, 0, 0, 0, 140, 140, 140, 0, 0, 0, 0, 0, 0, 0, 0}, 
  {0, 140, 140, 140, 109, 140, 109, 140, 140, 0, 0, 0, 0, 0, 0}, 
  {0, 0, 140, 140, 140, 140, 140, 140, 0, 0, 0, 0, 0, 0, 0}, 
  {0, 0, 0, 0, 140, 140, 140, 0, 0, 0, 0, 0, 0, 0, 0}, 
  {0, 0, 225, 225, 225, 140, 225, 225, 218, 139, 0, 0, 0, 0, 0}, 
  {0, 225, 225, 225, 225, 225, 225, 0, 0, 125, 0, 0, 0, 0, 0}, 
  {225, 225, 0, 125, 125, 125, 125, 0, 0, 125, 0, 0, 0, 0, 0}, 
  {140, 0, 225, 225, 225, 225, 225, 0, 0, 125, 0, 0, 0, 0, 0}, 
  {0, 0, 140, 140, 0, 0, 140, 0, 0, 125, 0, 0, 0, 0, 0}, 
  {0, 0, 140, 0, 0, 0, 140, 140, 0, 0, 0, 0, 0, 0, 0}
}, 
  {  {0, 0, 0, 0, 140, 140, 140, 0, 0, 0, 0, 0, 0, 0, 0}, 
  {0, 140, 140, 140, 109, 140, 109, 140, 140, 0, 0, 0, 0, 0, 0}, 
  {0, 0, 140, 140, 140, 140, 140, 140, 0, 0, 0, 0, 0, 0, 0}, 
  {0, 0, 0, 0, 140, 140, 140, 0, 0, 0, 0, 0, 0, 0, 0}, 
  {0, 0, 225, 225, 225, 140, 225, 225, 225, 218, 139, 0, 0, 0, 0}, 
  {0, 225, 225, 225, 225, 225, 225, 0, 0, 0, 125, 0, 0, 0, 0}, 
  {225, 225, 0, 125, 125, 125, 125, 0, 0, 0, 125, 0, 0, 0, 0}, 
  {140, 0, 225, 225, 225, 225, 225, 0, 0, 0, 125, 0, 0, 0, 0}, 
  {0, 0, 140, 140, 0, 0, 140, 0, 0, 0, 125, 0, 0, 0, 0}, 
  {0, 0, 140, 0, 0, 0, 140, 140, 0, 0, 0, 0, 0, 0, 0}
}, 
  {  {0, 0, 0, 0, 140, 140, 140, 0, 0, 0, 0, 0, 0, 0, 0}, 
  {0, 140, 140, 140, 109, 140, 109, 140, 140, 0, 0, 0, 0, 0, 0}, 
  {0, 0, 140, 140, 140, 140, 140, 140, 0, 0, 0, 0, 0, 0, 0}, 
  {0, 0, 0, 0, 140, 140, 140, 0, 0, 0, 0, 0, 0, 0, 0}, 
  {0, 0, 225, 225, 225, 140, 225, 225, 0, 0, 0, 0, 0, 0, 0}, 
  {0, 225, 225, 225, 225, 225, 225, 225, 225, 218, 139, 0, 0, 0, 0}, 
  {225, 225, 0, 125, 125, 125, 125, 0, 0, 0, 125, 0, 0, 0, 0}, 
  {140, 0, 225, 225, 225, 225, 225, 0, 0, 0, 125, 0, 0, 0, 0}, 
  {0, 0, 140, 140, 0, 0, 140, 0, 0, 0, 125, 0, 0, 0, 0}, 
  {0, 0, 140, 0, 0, 0, 140, 140, 0, 0, 125, 0, 0, 0, 0}
}, 
  {  {0, 0, 0, 0, 0, 140, 140, 140, 0, 0, 0, 0, 0, 0, 0}, 
  {0, 0, 140, 140, 140, 109, 140, 109, 140, 140, 0, 0, 0, 0, 0}, 
  {0, 0, 0, 140, 140, 140, 140, 140, 140, 0, 0, 0, 0, 0, 0}, 
  {0, 0, 0, 0, 0, 140, 140, 140, 0, 0, 0, 0, 0, 0, 0}, 
  {0, 0, 0, 225, 225, 225, 140, 225, 225, 0, 0, 0, 0, 0, 0}, 
  {0, 0, 225, 225, 225, 225, 225, 225, 225, 218, 139, 0, 0, 0, 0}, 
  {0, 225, 225, 0, 125, 125, 125, 125, 0, 0, 125, 0, 0, 0, 0}, 
  {0, 140, 0, 225, 225, 225, 225, 225, 0, 0, 125, 0, 0, 0, 0}, 
  {0, 0, 0, 0, 140, 0, 0, 140, 0, 0, 125, 0, 0, 0, 0}, 
  {0, 0, 0, 0, 140, 140, 0, 140, 140, 0, 125, 0, 0, 0, 0}
}, 
  {  {0, 0, 0, 0, 0, 140, 140, 140, 0, 0, 0, 0, 0, 0, 0}, 
  {0, 0, 140, 140, 140, 109, 140, 109, 140, 140, 0, 0, 0, 0, 0}, 
  {0, 0, 0, 140, 140, 140, 140, 140, 140, 0, 0, 0, 0, 0, 0}, 
  {0, 0, 0, 0, 0, 140, 140, 140, 0, 0, 0, 0, 0, 0, 0}, 
  {0, 0, 0, 225, 225, 225, 140, 225, 225, 218, 139, 0, 0, 0, 0}, 
  {0, 0, 225, 225, 225, 225, 225, 225, 0, 0, 125, 0, 0, 0, 0}, 
  {0, 225, 225, 0, 125, 125, 125, 125, 0, 0, 125, 0, 0, 0, 0}, 
  {0, 140, 0, 225, 225, 225, 225, 225, 0, 0, 125, 0, 0, 0, 0}, 
  {0, 0, 0, 0, 140, 0, 140, 140, 0, 0, 125, 0, 0, 0, 0}, 
  {0, 0, 0, 0, 140, 140, 140, 0, 0, 0, 0, 0, 0, 0, 0}
}, 
  {  {0, 0, 0, 0, 0, 140, 140, 140, 0, 0, 0, 0, 0, 0, 0}, 
  {0, 0, 140, 140, 140, 109, 140, 109, 140, 140, 0, 0, 0, 0, 0}, 
  {0, 0, 0, 140, 140, 140, 140, 140, 140, 0, 0, 0, 0, 0, 0}, 
  {0, 0, 0, 0, 0, 140, 140, 140, 0, 0, 0, 0, 0, 0, 0}, 
  {0, 0, 0, 225, 225, 225, 140, 225, 225, 225, 218, 139, 0, 0, 0}, 
  {0, 0, 225, 225, 225, 225, 225, 225, 0, 0, 0, 125, 0, 0, 0}, 
  {0, 225, 225, 0, 125, 125, 125, 125, 0, 0, 0, 125, 0, 0, 0}, 
  {0, 140, 0, 225, 225, 225, 225, 225, 0, 0, 0, 125, 0, 0, 0}, 
  {0, 0, 0, 0, 140, 0, 140, 140, 0, 0, 0, 125, 0, 0, 0}, 
  {0, 0, 0, 0, 140, 140, 140, 0, 0, 0, 0, 0, 0, 0, 0}
}, 
  {  {0, 0, 0, 0, 0, 140, 140, 140, 0, 0, 0, 0, 0, 0, 0}, 
  {0, 0, 140, 140, 140, 109, 140, 109, 140, 140, 0, 0, 0, 0, 0}, 
  {0, 0, 0, 140, 140, 140, 140, 140, 140, 0, 0, 0, 0, 0, 0}, 
  {0, 0, 0, 0, 0, 140, 140, 140, 0, 0, 0, 0, 0, 0, 0}, 
  {0, 0, 0, 225, 225, 225, 140, 225, 225, 0, 0, 0, 0, 0, 0}, 
  {0, 0, 225, 225, 225, 225, 225, 225, 225, 225, 218, 139, 0, 0, 0}, 
  {0, 225, 225, 0, 125, 125, 125, 125, 0, 0, 0, 125, 0, 0, 0}, 
  {0, 140, 0, 225, 225, 225, 225, 225, 0, 0, 0, 125, 0, 0, 0}, 
  {0, 0, 0, 0, 140, 0, 140, 140, 0, 0, 0, 125, 0, 0, 0}, 
  {0, 0, 0, 0, 140, 140, 140, 0, 0, 0, 0, 125, 0, 0, 0}
}, 
  {  {0, 0, 0, 0, 0, 0, 140, 140, 140, 0, 0, 0, 0, 0, 0}, 
  {0, 0, 0, 140, 140, 140, 109, 140, 109, 140, 140, 0, 0, 0, 0}, 
  {0, 0, 0, 0, 140, 140, 140, 140, 140, 140, 0, 0, 0, 0, 0}, 
  {0, 0, 0, 0, 0, 0, 140, 140, 140, 0, 0, 0, 0, 0, 0}, 
  {0, 0, 0, 0, 225, 225, 225, 140, 225, 225, 0, 0, 0, 0, 0}, 
  {0, 0, 0, 225, 225, 225, 225, 225, 225, 225, 218, 139, 0, 0, 0}, 
  {0, 0, 225, 225, 0, 125, 125, 125, 125, 0, 0, 125, 0, 0, 0}, 
  {0, 0, 140, 0, 225, 225, 225, 225, 225, 0, 0, 125, 0, 0, 0}, 
  {0, 0, 0, 0, 0, 140, 0, 140, 140, 0, 0, 125, 0, 0, 0}, 
  {0, 0, 0, 0, 0, 140, 140, 140, 0, 0, 0, 125, 0, 0, 0}
}, 
  {  {0, 0, 0, 0, 0, 0, 140, 140, 140, 0, 0, 0, 0, 0, 0}, 
  {0, 0, 0, 140, 140, 140, 109, 140, 109, 140, 140, 0, 0, 0, 0}, 
  {0, 0, 0, 0, 140, 140, 140, 140, 140, 140, 0, 0, 0, 0, 0}, 
  {0, 0, 0, 0, 0, 0, 140, 140, 140, 0, 0, 0, 0, 0, 0}, 
  {0, 0, 0, 0, 225, 225, 225, 140, 225, 225, 218, 139, 0, 0, 0}, 
  {0, 0, 0, 225, 225, 225, 225, 225, 225, 0, 0, 125, 0, 0, 0}, 
  {0, 0, 225, 225, 0, 125, 125, 125, 125, 0, 0, 125, 0, 0, 0}, 
  {0, 0, 140, 0, 225, 225, 225, 225, 225, 0, 0, 125, 0, 0, 0}, 
  {0, 0, 0, 0, 0, 140, 0, 0, 140, 0, 0, 125, 0, 0, 0}, 
  {0, 0, 0, 0, 0, 140, 140, 0, 140, 140, 0, 0, 0, 0, 0}
}, 
  {  {0, 0, 0, 0, 0, 0, 140, 140, 140, 0, 0, 0, 0, 0, 0}, 
  {0, 0, 0, 140, 140, 140, 109, 140, 109, 140, 140, 0, 0, 0, 0}, 
  {0, 0, 0, 0, 140, 140, 140, 140, 140, 140, 0, 0, 0, 0, 0}, 
  {0, 0, 0, 0, 0, 0, 140, 140, 140, 0, 0, 0, 0, 0, 0}, 
  {0, 0, 0, 0, 225, 225, 225, 140, 225, 225, 225, 218, 139, 0, 0}, 
  {0, 0, 0, 225, 225, 225, 225, 225, 225, 0, 0, 0, 125, 0, 0}, 
  {0, 0, 225, 225, 0, 125, 125, 125, 125, 0, 0, 0, 125, 0, 0}, 
  {0, 0, 140, 0, 225, 225, 225, 225, 225, 0, 0, 0, 125, 0, 0}, 
  {0, 0, 0, 0, 140, 140, 0, 0, 140, 0, 0, 0, 125, 0, 0}, 
  {0, 0, 0, 0, 140, 0, 0, 0, 140, 140, 0, 0, 0, 0, 0}
}, 
  {  {0, 0, 0, 0, 0, 0, 140, 140, 140, 0, 0, 0, 0, 0, 0}, 
  {0, 0, 0, 140, 140, 140, 109, 140, 109, 140, 140, 0, 0, 0, 0}, 
  {0, 0, 0, 0, 140, 140, 140, 140, 140, 140, 0, 0, 0, 0, 0}, 
  {0, 0, 0, 0, 0, 0, 140, 140, 140, 0, 0, 0, 0, 0, 0}, 
  {0, 0, 0, 0, 225, 225, 225, 140, 225, 225, 0, 0, 0, 0, 0}, 
  {0, 0, 0, 225, 225, 225, 225, 225, 225, 225, 225, 218, 139, 0, 0}, 
  {0, 0, 225, 225, 0, 125, 125, 125, 125, 0, 0, 0, 125, 0, 0}, 
  {0, 0, 140, 0, 225, 225, 225, 225, 225, 0, 0, 0, 125, 0, 0}, 
  {0, 0, 0, 0, 140, 140, 0, 0, 140, 0, 0, 0, 125, 0, 0}, 
  {0, 0, 0, 0, 140, 0, 0, 0, 140, 140, 0, 0, 125, 0, 0}
}, 
  {  {0, 0, 0, 0, 0, 0, 0, 140, 140, 140, 0, 0, 0, 0, 0}, 
  {0, 0, 0, 0, 140, 140, 140, 109, 140, 109, 140, 140, 0, 0, 0}, 
  {0, 0, 0, 0, 0, 140, 140, 140, 140, 140, 140, 0, 0, 0, 0}, 
  {0, 0, 0, 0, 0, 0, 0, 140, 140, 140, 0, 0, 0, 0, 0}, 
  {0, 0, 0, 0, 0, 225, 225, 225, 140, 225, 225, 0, 0, 0, 0}, 
  {0, 0, 0, 0, 225, 225, 225, 225, 225, 225, 225, 218, 139, 0, 0}, 
  {0, 0, 0, 225, 225, 0, 125, 125, 125, 125, 0, 0, 125, 0, 0}, 
  {0, 0, 0, 140, 0, 225, 225, 225, 225, 225, 0, 0, 125, 0, 0}, 
  {0, 0, 0, 0, 0, 140, 140, 0, 0, 140, 0, 0, 125, 0, 0}, 
  {0, 0, 0, 0, 0, 140, 0, 0, 0, 140, 140, 0, 125, 0, 0}
}, 
  {  {0, 0, 0, 0, 0, 0, 0, 140, 140, 140, 0, 0, 0, 0, 0}, 
  {0, 0, 0, 0, 140, 140, 140, 109, 140, 109, 140, 140, 0, 0, 0}, 
  {0, 0, 0, 0, 0, 140, 140, 140, 140, 140, 140, 0, 0, 0, 0}, 
  {0, 0, 0, 0, 0, 0, 0, 140, 140, 140, 0, 0, 0, 0, 0}, 
  {0, 0, 0, 0, 0, 225, 225, 225, 140, 225, 225, 218, 139, 0, 0}, 
  {0, 0, 0, 0, 225, 225, 225, 225, 225, 225, 0, 0, 125, 0, 0}, 
  {0, 0, 0, 225, 225, 0, 125, 125, 125, 125, 0, 0, 125, 0, 0}, 
  {0, 0, 0, 140, 0, 225, 225, 225, 225, 225, 0, 0, 125, 0, 0}, 
  {0, 0, 0, 0, 0, 0, 140, 0, 0, 140, 0, 0, 125, 0, 0}, 
  {0, 0, 0, 0, 0, 0, 140, 140, 0, 140, 140, 0, 0, 0, 0}
}, 
  {  {0, 0, 0, 0, 0, 0, 0, 140, 140, 140, 0, 0, 0, 0, 0}, 
  {0, 0, 0, 0, 140, 140, 140, 109, 140, 109, 140, 140, 0, 0, 0}, 
  {0, 0, 0, 0, 0, 140, 140, 140, 140, 140, 140, 0, 0, 0, 0}, 
  {0, 0, 0, 0, 0, 0, 0, 140, 140, 140, 0, 0, 0, 0, 0}, 
  {0, 0, 0, 0, 0, 225, 225, 225, 140, 225, 225, 225, 218, 139, 0}, 
  {0, 0, 0, 0, 225, 225, 225, 225, 225, 225, 0, 0, 0, 125, 0}, 
  {0, 0, 0, 225, 225, 0, 125, 125, 125, 125, 0, 0, 0, 125, 0}, 
  {0, 0, 0, 140, 0, 225, 225, 225, 225, 225, 0, 0, 0, 125, 0}, 
  {0, 0, 0, 0, 0, 0, 140, 0, 140, 140, 0, 0, 0, 125, 0}, 
  {0, 0, 0, 0, 0, 0, 140, 140, 140, 0, 0, 0, 0, 0, 0}
}, 
  {  {0, 0, 0, 0, 0, 0, 0, 140, 140, 140, 0, 0, 0, 0, 0}, 
  {0, 0, 0, 0, 140, 140, 140, 109, 140, 109, 140, 140, 0, 0, 0}, 
  {0, 0, 0, 0, 0, 140, 140, 140, 140, 140, 140, 0, 0, 0, 0}, 
  {0, 0, 0, 0, 0, 0, 0, 140, 140, 140, 0, 0, 0, 0, 0}, 
  {0, 0, 0, 0, 0, 225, 225, 225, 140, 225, 225, 0, 0, 0, 0}, 
  {0, 0, 0, 0, 225, 225, 225, 225, 225, 225, 225, 225, 218, 139, 0}, 
  {0, 0, 0, 225, 225, 0, 125, 125, 125, 125, 0, 0, 0, 125, 0}, 
  {0, 0, 0, 140, 0, 225, 225, 225, 225, 225, 0, 0, 0, 125, 0}, 
  {0, 0, 0, 0, 0, 0, 140, 0, 140, 140, 0, 0, 0, 125, 0}, 
  {0, 0, 0, 0, 0, 0, 140, 140, 140, 0, 0, 0, 0, 125, 0}
}, 
  {  {0, 0, 0, 0, 0, 0, 0, 0, 140, 140, 140, 0, 0, 0, 0}, 
  {0, 0, 0, 0, 0, 140, 140, 140, 109, 140, 109, 140, 140, 0, 0}, 
  {0, 0, 0, 0, 0, 0, 140, 140, 140, 140, 140, 140, 0, 0, 0}, 
  {0, 0, 0, 0, 0, 0, 0, 0, 140, 140, 140, 0, 0, 0, 0}, 
  {0, 0, 0, 0, 0, 0, 225, 225, 225, 140, 225, 225, 0, 0, 0}, 
  {0, 0, 0, 0, 0, 225, 225, 225, 225, 225, 225, 225, 218, 139, 0}, 
  {0, 0, 0, 0, 225, 225, 0, 125, 125, 125, 125, 0, 0, 125, 0}, 
  {0, 0, 0, 0, 140, 0, 225, 225, 225, 225, 225, 0, 0, 125, 0}, 
  {0, 0, 0, 0, 0, 0, 0, 140, 0, 140, 140, 0, 0, 125, 0}, 
  {0, 0, 0, 0, 0, 0, 0, 140, 140, 140, 0, 0, 0, 125, 0}
}, 
  {  {0, 0, 0, 0, 0, 0, 0, 0, 140, 140, 140, 0, 0, 0, 0}, 
  {0, 0, 0, 0, 0, 140, 140, 140, 109, 140, 109, 140, 140, 0, 0}, 
  {0, 0, 0, 0, 0, 0, 140, 140, 140, 140, 140, 140, 0, 0, 0}, 
  {0, 0, 0, 0, 0, 0, 0, 0, 140, 140, 140, 0, 0, 0, 0}, 
  {0, 0, 0, 0, 0, 0, 225, 225, 225, 140, 225, 225, 218, 139, 0}, 
  {0, 0, 0, 0, 0, 225, 225, 225, 225, 225, 225, 0, 0, 125, 0}, 
  {0, 0, 0, 0, 225, 225, 0, 125, 125, 125, 125, 0, 0, 125, 0}, 
  {0, 0, 0, 0, 140, 0, 225, 225, 225, 225, 225, 0, 0, 125, 0}, 
  {0, 0, 0, 0, 0, 0, 0, 140, 0, 140, 140, 0, 0, 125, 0}, 
  {0, 0, 0, 0, 0, 0, 0, 140, 140, 140, 0, 0, 0, 0, 0}
}, 
  {  {0, 0, 0, 0, 0, 0, 0, 0, 140, 140, 140, 0, 0, 0, 0}, 
  {0, 0, 0, 0, 0, 140, 140, 140, 109, 140, 109, 140, 140, 0, 0}, 
  {0, 0, 0, 0, 0, 0, 140, 140, 140, 140, 140, 140, 0, 0, 0}, 
  {0, 0, 0, 0, 0, 0, 0, 0, 140, 140, 140, 0, 0, 0, 0}, 
  {0, 0, 0, 0, 0, 0, 225, 225, 225, 140, 225, 225, 225, 218, 139}, 
  {0, 0, 0, 0, 0, 225, 225, 225, 225, 225, 225, 0, 0, 0, 125}, 
  {0, 0, 0, 0, 225, 225, 0, 125, 125, 125, 125, 0, 0, 0, 125}, 
  {0, 0, 0, 0, 140, 0, 225, 225, 225, 225, 225, 0, 0, 0, 125}, 
  {0, 0, 0, 0, 0, 0, 0, 140, 0, 0, 140, 0, 0, 0, 125}, 
  {0, 0, 0, 0, 0, 0, 0, 140, 140, 0, 140, 140, 0, 0, 0}
}, 
  {  {0, 0, 0, 0, 0, 0, 0, 0, 140, 140, 140, 0, 0, 0, 0}, 
  {0, 0, 0, 0, 0, 140, 140, 140, 109, 140, 109, 140, 140, 0, 0}, 
  {0, 0, 0, 0, 0, 0, 140, 140, 140, 140, 140, 140, 0, 0, 0}, 
  {0, 0, 0, 0, 0, 0, 0, 0, 140, 140, 140, 0, 0, 0, 0}, 
  {0, 0, 0, 0, 0, 0, 225, 225, 225, 140, 225, 225, 0, 0, 0}, 
  {0, 0, 0, 0, 0, 225, 225, 225, 225, 225, 225, 225, 225, 218, 139}, 
  {0, 0, 0, 0, 225, 225, 0, 125, 125, 125, 125, 0, 0, 0, 125}, 
  {0, 0, 0, 0, 140, 0, 225, 225, 225, 225, 225, 0, 0, 0, 125}, 
  {0, 0, 0, 0, 0, 0, 140, 140, 0, 0, 140, 0, 0, 0, 125}, 
  {0, 0, 0, 0, 0, 0, 140, 0, 0, 0, 140, 140, 0, 0, 125}
}, 
  {  {0, 0, 0, 0, 0, 0, 0, 0, 0, 140, 140, 140, 0, 0, 0}, 
  {0, 0, 0, 0, 0, 0, 140, 140, 140, 109, 140, 109, 140, 140, 0}, 
  {0, 0, 0, 0, 0, 0, 0, 140, 140, 140, 140, 140, 140, 0, 0}, 
  {0, 0, 0, 0, 0, 0, 0, 0, 0, 140, 140, 140, 0, 0, 0}, 
  {0, 0, 0, 0, 0, 0, 0, 225, 225, 225, 140, 225, 225, 0, 0}, 
  {0, 0, 0, 0, 0, 0, 225, 225, 225, 225, 225, 225, 225, 218, 139}, 
  {0, 0, 0, 0, 0, 225, 225, 0, 125, 125, 125, 125, 0, 0, 125}, 
  {0, 0, 0, 0, 0, 140, 0, 225, 225, 225, 225, 225, 0, 0, 125}, 
  {0, 0, 0, 0, 0, 0, 0, 140, 140, 0, 0, 140, 0, 0, 125}, 
  {0, 0, 0, 0, 0, 0, 0, 140, 0, 0, 0, 140, 140, 0, 125}
}, 
  {  {0, 0, 0, 0, 0, 0, 0, 0, 0, 140, 140, 140, 0, 0, 0}, 
  {0, 0, 0, 0, 0, 0, 140, 140, 140, 109, 140, 109, 140, 140, 0}, 
  {0, 0, 0, 0, 0, 0, 0, 140, 140, 140, 140, 140, 140, 0, 0}, 
  {0, 0, 0, 0, 0, 0, 0, 0, 0, 140, 140, 140, 0, 0, 0}, 
  {0, 0, 0, 0, 0, 0, 0, 225, 225, 225, 140, 225, 225, 218, 139}, 
  {0, 0, 0, 0, 0, 0, 225, 225, 225, 225, 225, 225, 0, 0, 125}, 
  {0, 0, 0, 0, 0, 225, 225, 0, 125, 125, 125, 125, 0, 0, 125}, 
  {0, 0, 0, 0, 0, 140, 0, 225, 225, 225, 225, 225, 0, 0, 125}, 
  {0, 0, 0, 0, 0, 0, 0, 140, 140, 0, 0, 140, 0, 0, 125}, 
  {0, 0, 0, 0, 0, 0, 0, 140, 0, 0, 0, 140, 140, 0, 0}
}, 
  {  {0, 0, 0, 0, 0, 0, 0, 0, 0, 140, 140, 140, 0, 0, 0}, 
  {0, 0, 0, 0, 0, 0, 140, 140, 140, 109, 140, 109, 140, 140, 0}, 
  {0, 0, 0, 0, 0, 0, 0, 140, 140, 140, 140, 140, 140, 0, 0}, 
  {0, 0, 0, 0, 0, 0, 0, 0, 0, 140, 140, 140, 0, 0, 0}, 
  {0, 0, 0, 0, 0, 0, 0, 225, 225, 225, 140, 225, 225, 225, 218}, 
  {0, 0, 0, 0, 0, 0, 225, 225, 225, 225, 225, 225, 0, 0, 0}, 
  {0, 0, 0, 0, 0, 225, 225, 0, 125, 125, 125, 125, 0, 0, 0}, 
  {0, 0, 0, 0, 0, 140, 0, 225, 225, 225, 225, 225, 0, 0, 0}, 
  {0, 0, 0, 0, 0, 0, 0, 0, 140, 0, 0, 140, 0, 0, 0}, 
  {0, 0, 0, 0, 0, 0, 0, 0, 140, 140, 0, 140, 140, 0, 0}
}, 
  {  {0, 0, 0, 0, 0, 0, 0, 0, 0, 140, 140, 140, 0, 0, 0}, 
  {0, 0, 0, 0, 0, 0, 140, 140, 140, 109, 140, 109, 140, 140, 0}, 
  {0, 0, 0, 0, 0, 0, 0, 140, 140, 140, 140, 140, 140, 0, 0}, 
  {0, 0, 0, 0, 0, 0, 0, 0, 0, 140, 140, 140, 0, 0, 0}, 
  {0, 0, 0, 0, 0, 0, 0, 225, 225, 225, 140, 225, 225, 0, 0}, 
  {0, 0, 0, 0, 0, 0, 225, 225, 225, 225, 225, 225, 225, 225, 218}, 
  {0, 0, 0, 0, 0, 225, 225, 0, 125, 125, 125, 125, 0, 0, 0}, 
  {0, 0, 0, 0, 0, 140, 0, 225, 225, 225, 225, 225, 0, 0, 0}, 
  {0, 0, 0, 0, 0, 0, 0, 0, 140, 0, 140, 140, 0, 0, 0}, 
  {0, 0, 0, 0, 0, 0, 0, 0, 140, 140, 140, 0, 0, 0, 0}
}, 
  {  {0, 0, 0, 0, 0, 0, 0, 0, 0, 0, 140, 140, 140, 0, 0}, 
  {0, 0, 0, 0, 0, 0, 0, 140, 140, 140, 109, 140, 109, 140, 140}, 
  {0, 0, 0, 0, 0, 0, 0, 0, 140, 140, 140, 140, 140, 140, 0}, 
  {0, 0, 0, 0, 0, 0, 0, 0, 0, 0, 140, 140, 140, 0, 0}, 
  {0, 0, 0, 0, 0, 0, 0, 0, 225, 225, 225, 140, 225, 225, 0}, 
  {0, 0, 0, 0, 0, 0, 0, 225, 225, 225, 225, 225, 225, 225, 218}, 
  {0, 0, 0, 0, 0, 0, 225, 225, 0, 125, 125, 125, 125, 0, 0}, 
  {0, 0, 0, 0, 0, 0, 140, 0, 225, 225, 225, 225, 225, 0, 0}, 
  {0, 0, 0, 0, 0, 0, 0, 0, 0, 140, 0, 140, 140, 0, 0}, 
  {0, 0, 0, 0, 0, 0, 0, 0, 0, 140, 140, 140, 0, 0, 0}
}, 
  {  {0, 0, 0, 0, 0, 0, 0, 0, 0, 0, 140, 140, 140, 0, 0}, 
  {0, 0, 0, 0, 0, 0, 0, 140, 140, 140, 109, 140, 109, 140, 140}, 
  {0, 0, 0, 0, 0, 0, 0, 0, 140, 140, 140, 140, 140, 140, 0}, 
  {0, 0, 0, 0, 0, 0, 0, 0, 0, 0, 140, 140, 140, 0, 0}, 
  {0, 0, 0, 0, 0, 0, 0, 0, 225, 225, 225, 140, 225, 225, 218}, 
  {0, 0, 0, 0, 0, 0, 0, 225, 225, 225, 225, 225, 225, 0, 0}, 
  {0, 0, 0, 0, 0, 0, 225, 225, 0, 125, 125, 125, 125, 0, 0}, 
  {0, 0, 0, 0, 0, 0, 140, 0, 225, 225, 225, 225, 225, 0, 0}, 
  {0, 0, 0, 0, 0, 0, 0, 0, 0, 140, 0, 140, 140, 0, 0}, 
  {0, 0, 0, 0, 0, 0, 0, 0, 0, 140, 140, 140, 0, 0, 0}
}, 
  {  {0, 0, 0, 0, 0, 0, 0, 0, 0, 0, 140, 140, 140, 0, 0}, 
  {0, 0, 0, 0, 0, 0, 0, 140, 140, 140, 109, 140, 109, 140, 140}, 
  {0, 0, 0, 0, 0, 0, 0, 0, 140, 140, 140, 140, 140, 140, 0}, 
  {0, 0, 0, 0, 0, 0, 0, 0, 0, 0, 140, 140, 140, 0, 0}, 
  {0, 0, 0, 0, 0, 0, 0, 0, 225, 225, 225, 140, 225, 225, 225}, 
  {0, 0, 0, 0, 0, 0, 0, 225, 225, 225, 225, 225, 225, 0, 0}, 
  {0, 0, 0, 0, 0, 0, 225, 225, 0, 125, 125, 125, 125, 0, 0}, 
  {0, 0, 0, 0, 0, 0, 140, 0, 225, 225, 225, 225, 225, 0, 0}, 
  {0, 0, 0, 0, 0, 0, 0, 0, 0, 140, 0, 140, 140, 0, 0}, 
  {0, 0, 0, 0, 0, 0, 0, 0, 0, 140, 140, 140, 0, 0, 0}
}, 
  {  {0, 0, 0, 0, 0, 0, 0, 0, 0, 0, 140, 140, 140, 0, 0}, 
  {0, 0, 0, 0, 0, 0, 0, 140, 140, 140, 109, 140, 109, 140, 140}, 
  {0, 0, 0, 0, 0, 0, 0, 0, 140, 140, 140, 140, 140, 140, 0}, 
  {0, 0, 0, 0, 0, 0, 0, 0, 0, 0, 140, 140, 140, 0, 0}, 
  {0, 0, 0, 0, 0, 0, 0, 0, 225, 225, 225, 140, 225, 225, 0}, 
  {0, 0, 0, 0, 0, 0, 0, 225, 225, 225, 225, 225, 225, 225, 225}, 
  {0, 0, 0, 0, 0, 0, 225, 225, 0, 125, 125, 125, 125, 0, 0}, 
  {0, 0, 0, 0, 0, 0, 140, 0, 225, 225, 225, 225, 225, 0, 0}, 
  {0, 0, 0, 0, 0, 0, 0, 0, 0, 140, 0, 0, 140, 0, 0}, 
  {0, 0, 0, 0, 0, 0, 0, 0, 0, 140, 140, 0, 140, 140, 0}
}, 
  {  {0, 0, 0, 0, 0, 0, 0, 0, 0, 0, 0, 140, 140, 140, 0}, 
  {0, 0, 0, 0, 0, 0, 0, 0, 140, 140, 140, 109, 140, 109, 140}, 
  {0, 0, 0, 0, 0, 0, 0, 0, 0, 140, 140, 140, 140, 140, 140}, 
  {0, 0, 0, 0, 0, 0, 0, 0, 0, 0, 0, 140, 140, 140, 0}, 
  {0, 0, 0, 0, 0, 0, 0, 0, 0, 225, 225, 225, 140, 225, 225}, 
  {0, 0, 0, 0, 0, 0, 0, 0, 225, 225, 225, 225, 225, 225, 225}, 
  {0, 0, 0, 0, 0, 0, 0, 225, 225, 0, 125, 125, 125, 125, 0}, 
  {0, 0, 0, 0, 0, 0, 0, 140, 0, 225, 225, 225, 225, 225, 0}, 
  {0, 0, 0, 0, 0, 0, 0, 0, 0, 140, 140, 0, 0, 140, 0}, 
  {0, 0, 0, 0, 0, 0, 0, 0, 0, 140, 0, 0, 0, 140, 140}
}, 
  {  {0, 0, 0, 0, 0, 0, 0, 0, 0, 0, 0, 140, 140, 140, 0}, 
  {0, 0, 0, 0, 0, 0, 0, 0, 140, 140, 140, 109, 140, 109, 140}, 
  {0, 0, 0, 0, 0, 0, 0, 0, 0, 140, 140, 140, 140, 140, 140}, 
  {0, 0, 0, 0, 0, 0, 0, 0, 0, 0, 0, 140, 140, 140, 0}, 
  {0, 0, 0, 0, 0, 0, 0, 0, 0, 225, 225, 225, 140, 225, 225}, 
  {0, 0, 0, 0, 0, 0, 0, 0, 225, 225, 225, 225, 225, 225, 0}, 
  {0, 0, 0, 0, 0, 0, 0, 225, 225, 0, 125, 125, 125, 125, 0}, 
  {0, 0, 0, 0, 0, 0, 0, 140, 0, 225, 225, 225, 225, 225, 0}, 
  {0, 0, 0, 0, 0, 0, 0, 0, 0, 140, 140, 0, 0, 140, 0}, 
  {0, 0, 0, 0, 0, 0, 0, 0, 0, 140, 0, 0, 0, 140, 140}
}, 
  {  {0, 0, 0, 0, 0, 0, 0, 0, 0, 0, 0, 140, 140, 140, 0}, 
  {0, 0, 0, 0, 0, 0, 0, 0, 140, 140, 140, 109, 140, 109, 140}, 
  {0, 0, 0, 0, 0, 0, 0, 0, 0, 140, 140, 140, 140, 140, 140}, 
  {0, 0, 0, 0, 0, 0, 0, 0, 0, 0, 0, 140, 140, 140, 0}, 
  {0, 0, 0, 0, 0, 0, 0, 0, 0, 225, 225, 225, 140, 225, 225}, 
  {0, 0, 0, 0, 0, 0, 0, 0, 225, 225, 225, 225, 225, 225, 0}, 
  {0, 0, 0, 0, 0, 0, 0, 225, 225, 0, 125, 125, 125, 125, 0}, 
  {0, 0, 0, 0, 0, 0, 0, 140, 0, 225, 225, 225, 225, 225, 0}, 
  {0, 0, 0, 0, 0, 0, 0, 0, 0, 140, 140, 0, 0, 140, 0}, 
  {0, 0, 0, 0, 0, 0, 0, 0, 0, 109, 0, 0, 0, 140, 140}
}, 
  {  {0, 0, 0, 0, 0, 0, 0, 0, 0, 0, 0, 140, 140, 140, 0}, 
  {0, 0, 0, 0, 0, 0, 0, 0, 140, 140, 140, 109, 140, 109, 140}, 
  {0, 0, 0, 0, 0, 0, 0, 0, 0, 140, 140, 140, 140, 140, 140}, 
  {0, 0, 0, 0, 0, 0, 0, 0, 0, 0, 0, 140, 140, 140, 0}, 
  {0, 0, 0, 0, 0, 0, 0, 0, 0, 225, 225, 225, 140, 225, 225}, 
  {0, 0, 0, 0, 0, 0, 0, 0, 225, 225, 225, 225, 225, 225, 225}, 
  {0, 0, 0, 0, 0, 0, 0, 225, 225, 0, 125, 125, 125, 125, 0}, 
  {0, 0, 0, 0, 0, 0, 0, 140, 0, 225, 225, 225, 225, 225, 0}, 
  {0, 0, 0, 0, 0, 0, 0, 0, 0, 0, 140, 0, 0, 140, 0}, 
  {0, 0, 0, 0, 0, 0, 0, 0, 0, 0, 140, 140, 0, 140, 140}
}, 
  {  {0, 0, 0, 0, 0, 0, 0, 0, 0, 0, 0, 0, 140, 140, 140}, 
  {0, 0, 0, 0, 0, 0, 0, 0, 0, 140, 140, 140, 109, 140, 109}, 
  {0, 0, 0, 0, 0, 0, 0, 0, 0, 0, 140, 140, 140, 140, 140}, 
  {0, 0, 0, 0, 0, 0, 0, 0, 0, 0, 0, 0, 140, 140, 140}, 
  {0, 0, 0, 0, 0, 0, 0, 0, 0, 0, 225, 225, 225, 140, 225}, 
  {0, 0, 0, 0, 0, 0, 0, 0, 0, 225, 225, 225, 225, 225, 225}, 
  {0, 0, 0, 0, 0, 0, 0, 0, 225, 225, 0, 125, 125, 125, 125}, 
  {0, 0, 0, 0, 0, 0, 0, 0, 140, 0, 225, 225, 225, 225, 225}, 
  {0, 0, 0, 0, 0, 0, 0, 0, 0, 0, 0, 140, 0, 140, 140}, 
  {0, 0, 0, 0, 0, 0, 0, 0, 0, 0, 0, 140, 140, 140, 0}
}, 
  {  {0, 0, 0, 0, 0, 0, 0, 0, 0, 0, 0, 0, 140, 140, 140}, 
  {0, 0, 0, 0, 0, 0, 0, 0, 0, 140, 140, 140, 109, 140, 109}, 
  {0, 0, 0, 0, 0, 0, 0, 0, 0, 0, 140, 140, 140, 140, 140}, 
  {0, 0, 0, 0, 0, 0, 0, 0, 0, 0, 0, 0, 140, 140, 140}, 
  {0, 0, 0, 0, 0, 0, 0, 0, 0, 0, 225, 225, 225, 140, 225}, 
  {0, 0, 0, 0, 0, 0, 0, 0, 0, 225, 225, 225, 225, 225, 225}, 
  {0, 0, 0, 0, 0, 0, 0, 0, 225, 225, 0, 125, 125, 125, 125}, 
  {0, 0, 0, 0, 0, 0, 0, 0, 140, 0, 225, 225, 225, 225, 225}, 
  {0, 0, 0, 0, 0, 0, 0, 0, 0, 0, 0, 140, 0, 140, 140}, 
  {0, 0, 0, 0, 0, 0, 0, 0, 0, 0, 0, 140, 140, 140, 0}
}, 
  {  {0, 0, 0, 0, 0, 0, 0, 0, 0, 0, 0, 0, 140, 140, 140}, 
  {0, 0, 0, 0, 0, 0, 0, 0, 0, 140, 140, 140, 109, 140, 109}, 
  {0, 0, 0, 0, 0, 0, 0, 0, 0, 0, 140, 140, 140, 140, 140}, 
  {0, 0, 0, 0, 0, 0, 0, 0, 0, 0, 0, 0, 140, 140, 140}, 
  {0, 0, 0, 0, 0, 0, 0, 0, 0, 0, 225, 225, 225, 140, 225}, 
  {0, 0, 0, 0, 0, 0, 0, 0, 0, 225, 225, 225, 225, 225, 225}, 
  {0, 0, 0, 0, 0, 0, 0, 0, 225, 225, 0, 125, 125, 125, 125}, 
  {0, 0, 0, 0, 0, 0, 0, 0, 140, 0, 225, 225, 225, 225, 225}, 
  {0, 0, 0, 0, 0, 0, 0, 0, 0, 0, 0, 140, 0, 140, 140}, 
  {0, 0, 0, 0, 0, 0, 0, 0, 0, 0, 0, 140, 140, 140, 0}
}, 
  {  {0, 0, 0, 0, 0, 0, 0, 0, 0, 0, 0, 0, 140, 140, 140}, 
  {0, 0, 0, 0, 0, 0, 0, 0, 0, 140, 140, 140, 109, 140, 109}, 
  {0, 0, 0, 0, 0, 0, 0, 0, 0, 0, 140, 140, 140, 140, 140}, 
  {0, 0, 0, 0, 0, 0, 0, 0, 0, 0, 0, 0, 140, 140, 140}, 
  {0, 0, 0, 0, 0, 0, 0, 0, 0, 0, 225, 225, 225, 140, 225}, 
  {0, 0, 0, 0, 0, 0, 0, 0, 0, 225, 225, 225, 225, 225, 225}, 
  {0, 0, 0, 0, 0, 0, 0, 0, 225, 225, 0, 125, 125, 125, 125}, 
  {0, 0, 0, 0, 0, 0, 0, 0, 140, 0, 225, 225, 225, 225, 225}, 
  {0, 0, 0, 0, 0, 0, 0, 0, 0, 0, 0, 140, 0, 140, 140}, 
  {0, 0, 0, 0, 0, 0, 0, 0, 0, 0, 0, 140, 140, 140, 0}
}, 
  {  {0, 0, 0, 0, 0, 0, 0, 0, 0, 0, 0, 0, 0, 140, 140}, 
  {0, 0, 0, 0, 0, 0, 0, 0, 0, 0, 140, 140, 140, 109, 140}, 
  {0, 0, 0, 0, 0, 0, 0, 0, 0, 0, 0, 140, 140, 140, 140}, 
  {0, 0, 0, 0, 0, 0, 0, 0, 0, 0, 0, 0, 0, 140, 140}, 
  {0, 0, 0, 0, 0, 0, 0, 0, 0, 0, 0, 225, 225, 225, 140}, 
  {0, 0, 0, 0, 0, 0, 0, 0, 0, 0, 225, 225, 225, 225, 225}, 
  {0, 0, 0, 0, 0, 0, 0, 0, 0, 225, 225, 0, 125, 125, 125}, 
  {0, 0, 0, 0, 0, 0, 0, 0, 0, 140, 0, 225, 225, 225, 225}, 
  {0, 0, 0, 0, 0, 0, 0, 0, 0, 0, 0, 0, 140, 0, 0}, 
  {0, 0, 0, 0, 0, 0, 0, 0, 0, 0, 0, 0, 140, 140, 0}
}, 
  {  {0, 0, 0, 0, 0, 0, 0, 0, 0, 0, 0, 0, 0, 140, 140}, 
  {0, 0, 0, 0, 0, 0, 0, 0, 0, 0, 140, 140, 140, 109, 140}, 
  {0, 0, 0, 0, 0, 0, 0, 0, 0, 0, 0, 140, 140, 140, 140}, 
  {0, 0, 0, 0, 0, 0, 0, 0, 0, 0, 0, 0, 0, 140, 140}, 
  {0, 0, 0, 0, 0, 0, 0, 0, 0, 0, 0, 225, 225, 225, 140}, 
  {0, 0, 0, 0, 0, 0, 0, 0, 0, 0, 225, 225, 225, 225, 225}, 
  {0, 0, 0, 0, 0, 0, 0, 0, 0, 225, 225, 0, 125, 125, 125}, 
  {0, 0, 0, 0, 0, 0, 0, 0, 0, 140, 0, 225, 225, 225, 225}, 
  {0, 0, 0, 0, 0, 0, 0, 0, 0, 0, 0, 140, 140, 0, 0}, 
  {0, 0, 0, 0, 0, 0, 0, 0, 0, 0, 0, 140, 0, 0, 0}
}, 
  {  {0, 0, 0, 0, 0, 0, 0, 0, 0, 0, 0, 0, 0, 140, 140}, 
  {0, 0, 0, 0, 0, 0, 0, 0, 0, 0, 140, 140, 140, 109, 140}, 
  {0, 0, 0, 0, 0, 0, 0, 0, 0, 0, 0, 140, 140, 140, 140}, 
  {0, 0, 0, 0, 0, 0, 0, 0, 0, 0, 0, 0, 0, 140, 140}, 
  {0, 0, 0, 0, 0, 0, 0, 0, 0, 0, 0, 225, 225, 225, 140}, 
  {0, 0, 0, 0, 0, 0, 0, 0, 0, 0, 225, 225, 225, 225, 225}, 
  {0, 0, 0, 0, 0, 0, 0, 0, 0, 225, 225, 0, 125, 125, 125}, 
  {0, 0, 0, 0, 0, 0, 0, 0, 0, 140, 0, 225, 225, 225, 225}, 
  {0, 0, 0, 0, 0, 0, 0, 0, 0, 0, 0, 140, 140, 0, 0}, 
  {0, 0, 0, 0, 0, 0, 0, 0, 0, 0, 0, 140, 0, 0, 0}
}, 
  {  {0, 0, 0, 0, 0, 0, 0, 0, 0, 0, 0, 0, 0, 140, 140}, 
  {0, 0, 0, 0, 0, 0, 0, 0, 0, 0, 140, 140, 140, 109, 140}, 
  {0, 0, 0, 0, 0, 0, 0, 0, 0, 0, 0, 140, 140, 140, 140}, 
  {0, 0, 0, 0, 0, 0, 0, 0, 0, 0, 0, 0, 0, 140, 140}, 
  {0, 0, 0, 0, 0, 0, 0, 0, 0, 0, 0, 225, 225, 225, 140}, 
  {0, 0, 0, 0, 0, 0, 0, 0, 0, 0, 225, 225, 225, 225, 225}, 
  {0, 0, 0, 0, 0, 0, 0, 0, 0, 225, 225, 0, 125, 125, 125}, 
  {0, 0, 0, 0, 0, 0, 0, 0, 0, 140, 0, 225, 225, 225, 225}, 
  {0, 0, 0, 0, 0, 0, 0, 0, 0, 0, 0, 140, 140, 0, 0}, 
  {0, 0, 0, 0, 0, 0, 0, 0, 0, 0, 0, 140, 0, 0, 0}
}, 
  {  {0, 0, 0, 0, 0, 0, 0, 0, 0, 0, 0, 0, 0, 0, 140}, 
  {0, 0, 0, 0, 0, 0, 0, 0, 0, 0, 0, 140, 140, 140, 109}, 
  {0, 0, 0, 0, 0, 0, 0, 0, 0, 0, 0, 0, 140, 140, 140}, 
  {0, 0, 0, 0, 0, 0, 0, 0, 0, 0, 0, 0, 0, 0, 140}, 
  {0, 0, 0, 0, 0, 0, 0, 0, 0, 0, 0, 0, 225, 225, 225}, 
  {0, 0, 0, 0, 0, 0, 0, 0, 0, 0, 0, 225, 225, 225, 225}, 
  {0, 0, 0, 0, 0, 0, 0, 0, 0, 0, 225, 225, 0, 125, 125}, 
  {0, 0, 0, 0, 0, 0, 0, 0, 0, 0, 140, 0, 225, 225, 225}, 
  {0, 0, 0, 0, 0, 0, 0, 0, 0, 0, 0, 0, 0, 140, 0}, 
  {0, 0, 0, 0, 0, 0, 0, 0, 0, 0, 0, 0, 0, 140, 140}
}, 
  {  {0, 0, 0, 0, 0, 0, 0, 0, 0, 0, 0, 0, 0, 0, 140}, 
  {0, 0, 0, 0, 0, 0, 0, 0, 0, 0, 0, 140, 140, 140, 109}, 
  {0, 0, 0, 0, 0, 0, 0, 0, 0, 0, 0, 0, 140, 140, 140}, 
  {0, 0, 0, 0, 0, 0, 0, 0, 0, 0, 0, 0, 0, 0, 140}, 
  {0, 0, 0, 0, 0, 0, 0, 0, 0, 0, 0, 0, 225, 225, 225}, 
  {0, 0, 0, 0, 0, 0, 0, 0, 0, 0, 0, 225, 225, 225, 225}, 
  {0, 0, 0, 0, 0, 0, 0, 0, 0, 0, 225, 225, 0, 125, 125}, 
  {0, 0, 0, 0, 0, 0, 0, 0, 0, 0, 140, 0, 225, 225, 225}, 
  {0, 0, 0, 0, 0, 0, 0, 0, 0, 0, 0, 0, 0, 140, 0}, 
  {0, 0, 0, 0, 0, 0, 0, 0, 0, 0, 0, 0, 0, 140, 140}
}, 
  {  {0, 0, 0, 0, 0, 0, 0, 0, 0, 0, 0, 0, 0, 0, 140}, 
  {0, 0, 0, 0, 0, 0, 0, 0, 0, 0, 0, 140, 140, 140, 109}, 
  {0, 0, 0, 0, 0, 0, 0, 0, 0, 0, 0, 0, 140, 140, 140}, 
  {0, 0, 0, 0, 0, 0, 0, 0, 0, 0, 0, 0, 0, 0, 140}, 
  {0, 0, 0, 0, 0, 0, 0, 0, 0, 0, 0, 0, 225, 225, 225}, 
  {0, 0, 0, 0, 0, 0, 0, 0, 0, 0, 0, 225, 225, 225, 225}, 
  {0, 0, 0, 0, 0, 0, 0, 0, 0, 0, 225, 225, 0, 125, 125}, 
  {0, 0, 0, 0, 0, 0, 0, 0, 0, 0, 140, 0, 225, 225, 225}, 
  {0, 0, 0, 0, 0, 0, 0, 0, 0, 0, 0, 0, 0, 140, 0}, 
  {0, 0, 0, 0, 0, 0, 0, 0, 0, 0, 0, 0, 0, 140, 140}
}, 
  {  {0, 0, 0, 0, 0, 0, 0, 0, 0, 0, 0, 0, 0, 0, 140}, 
  {0, 0, 0, 0, 0, 0, 0, 0, 0, 0, 0, 140, 140, 140, 109}, 
  {0, 0, 0, 0, 0, 0, 0, 0, 0, 0, 0, 0, 140, 140, 140}, 
  {0, 0, 0, 0, 0, 0, 0, 0, 0, 0, 0, 0, 0, 0, 140}, 
  {0, 0, 0, 0, 0, 0, 0, 0, 0, 0, 0, 0, 225, 225, 225}, 
  {0, 0, 0, 0, 0, 0, 0, 0, 0, 0, 0, 225, 225, 225, 225}, 
  {0, 0, 0, 0, 0, 0, 0, 0, 0, 0, 225, 225, 0, 125, 125}, 
  {0, 0, 0, 0, 0, 0, 0, 0, 0, 0, 140, 0, 225, 225, 225}, 
  {0, 0, 0, 0, 0, 0, 0, 0, 0, 0, 0, 0, 0, 140, 0}, 
  {0, 0, 0, 0, 0, 0, 0, 0, 0, 0, 0, 0, 0, 140, 140}
}, 
  {  {0, 0, 0, 0, 0, 0, 0, 0, 0, 0, 0, 0, 0, 0, 0}, 
  {0, 0, 0, 0, 0, 0, 0, 0, 0, 0, 0, 0, 140, 140, 140}, 
  {0, 0, 0, 0, 0, 0, 0, 0, 0, 0, 0, 0, 0, 140, 140}, 
  {0, 0, 0, 0, 0, 0, 0, 0, 0, 0, 0, 0, 0, 0, 0}, 
  {0, 0, 0, 0, 0, 0, 0, 0, 0, 0, 0, 0, 0, 225, 225}, 
  {0, 0, 0, 0, 0, 0, 0, 0, 0, 0, 0, 0, 225, 225, 225}, 
  {0, 0, 0, 0, 0, 0, 0, 0, 0, 0, 0, 225, 225, 0, 125}, 
  {0, 0, 0, 0, 0, 0, 0, 0, 0, 0, 0, 140, 0, 225, 225}, 
  {0, 0, 0, 0, 0, 0, 0, 0, 0, 0, 0, 0, 0, 0, 140}, 
  {0, 0, 0, 0, 0, 0, 0, 0, 0, 0, 0, 0, 0, 0, 140}
}, 
  {  {0, 0, 0, 0, 0, 0, 0, 0, 0, 0, 0, 0, 0, 0, 0}, 
  {0, 0, 0, 0, 0, 0, 0, 0, 0, 0, 0, 0, 140, 140, 140}, 
  {0, 0, 0, 0, 0, 0, 0, 0, 0, 0, 0, 0, 0, 140, 140}, 
  {0, 0, 0, 0, 0, 0, 0, 0, 0, 0, 0, 0, 0, 0, 0}, 
  {0, 0, 0, 0, 0, 0, 0, 0, 0, 0, 0, 0, 0, 225, 225}, 
  {0, 0, 0, 0, 0, 0, 0, 0, 0, 0, 0, 0, 225, 225, 225}, 
  {0, 0, 0, 0, 0, 0, 0, 0, 0, 0, 0, 225, 225, 0, 125}, 
  {0, 0, 0, 0, 0, 0, 0, 0, 0, 0, 0, 140, 0, 225, 225}, 
  {0, 0, 0, 0, 0, 0, 0, 0, 0, 0, 0, 0, 0, 0, 140}, 
  {0, 0, 0, 0, 0, 0, 0, 0, 0, 0, 0, 0, 0, 0, 140}
}, 
  {  {0, 0, 0, 0, 0, 0, 0, 0, 0, 0, 0, 0, 0, 0, 0}, 
  {0, 0, 0, 0, 0, 0, 0, 0, 0, 0, 0, 0, 140, 140, 140}, 
  {0, 0, 0, 0, 0, 0, 0, 0, 0, 0, 0, 0, 0, 140, 140}, 
  {0, 0, 0, 0, 0, 0, 0, 0, 0, 0, 0, 0, 0, 0, 0}, 
  {0, 0, 0, 0, 0, 0, 0, 0, 0, 0, 0, 0, 0, 225, 225}, 
  {0, 0, 0, 0, 0, 0, 0, 0, 0, 0, 0, 0, 225, 225, 225}, 
  {0, 0, 0, 0, 0, 0, 0, 0, 0, 0, 0, 225, 225, 0, 125}, 
  {0, 0, 0, 0, 0, 0, 0, 0, 0, 0, 0, 140, 0, 225, 225}, 
  {0, 0, 0, 0, 0, 0, 0, 0, 0, 0, 0, 0, 0, 140, 140}, 
  {0, 0, 0, 0, 0, 0, 0, 0, 0, 0, 0, 0, 0, 140, 0}
}, 
  {  {0, 0, 0, 0, 0, 0, 0, 0, 0, 0, 0, 0, 0, 0, 0}, 
  {0, 0, 0, 0, 0, 0, 0, 0, 0, 0, 0, 0, 140, 140, 140}, 
  {0, 0, 0, 0, 0, 0, 0, 0, 0, 0, 0, 0, 0, 140, 140}, 
  {0, 0, 0, 0, 0, 0, 0, 0, 0, 0, 0, 0, 0, 0, 0}, 
  {0, 0, 0, 0, 0, 0, 0, 0, 0, 0, 0, 0, 0, 225, 225}, 
  {0, 0, 0, 0, 0, 0, 0, 0, 0, 0, 0, 0, 225, 225, 225}, 
  {0, 0, 0, 0, 0, 0, 0, 0, 0, 0, 0, 225, 225, 0, 125}, 
  {0, 0, 0, 0, 0, 0, 0, 0, 0, 0, 0, 140, 0, 225, 225}, 
  {0, 0, 0, 0, 0, 0, 0, 0, 0, 0, 0, 0, 0, 140, 140}, 
  {0, 0, 0, 0, 0, 0, 0, 0, 0, 0, 0, 0, 0, 140, 0}
}, 
  {  {0, 0, 0, 0, 0, 0, 0, 0, 0, 0, 0, 0, 0, 0, 0}, 
  {0, 0, 0, 0, 0, 0, 0, 0, 0, 0, 0, 0, 0, 140, 140}, 
  {0, 0, 0, 0, 0, 0, 0, 0, 0, 0, 0, 0, 0, 0, 140}, 
  {0, 0, 0, 0, 0, 0, 0, 0, 0, 0, 0, 0, 0, 0, 0}, 
  {0, 0, 0, 0, 0, 0, 0, 0, 0, 0, 0, 0, 0, 0, 225}, 
  {0, 0, 0, 0, 0, 0, 0, 0, 0, 0, 0, 0, 0, 225, 225}, 
  {0, 0, 0, 0, 0, 0, 0, 0, 0, 0, 0, 0, 225, 225, 0}, 
  {0, 0, 0, 0, 0, 0, 0, 0, 0, 0, 0, 0, 140, 0, 225}, 
  {0, 0, 0, 0, 0, 0, 0, 0, 0, 0, 0, 0, 0, 0, 140}, 
  {0, 0, 0, 0, 0, 0, 0, 0, 0, 0, 0, 0, 0, 0, 140}
}, 
  {  {0, 0, 0, 0, 0, 0, 0, 0, 0, 0, 0, 0, 0, 0, 0}, 
  {0, 0, 0, 0, 0, 0, 0, 0, 0, 0, 0, 0, 0, 140, 140}, 
  {0, 0, 0, 0, 0, 0, 0, 0, 0, 0, 0, 0, 0, 0, 140}, 
  {0, 0, 0, 0, 0, 0, 0, 0, 0, 0, 0, 0, 0, 0, 0}, 
  {0, 0, 0, 0, 0, 0, 0, 0, 0, 0, 0, 0, 0, 0, 225}, 
  {0, 0, 0, 0, 0, 0, 0, 0, 0, 0, 0, 0, 0, 225, 225}, 
  {0, 0, 0, 0, 0, 0, 0, 0, 0, 0, 0, 0, 225, 225, 0}, 
  {0, 0, 0, 0, 0, 0, 0, 0, 0, 0, 0, 0, 140, 0, 225}, 
  {0, 0, 0, 0, 0, 0, 0, 0, 0, 0, 0, 0, 0, 0, 0}, 
  {0, 0, 0, 0, 0, 0, 0, 0, 0, 0, 0, 0, 0, 0, 0}
}, 
  {  {0, 0, 0, 0, 0, 0, 0, 0, 0, 0, 0, 0, 0, 0, 0}, 
  {0, 0, 0, 0, 0, 0, 0, 0, 0, 0, 0, 0, 0, 140, 140}, 
  {0, 0, 0, 0, 0, 0, 0, 0, 0, 0, 0, 0, 0, 0, 140}, 
  {0, 0, 0, 0, 0, 0, 0, 0, 0, 0, 0, 0, 0, 0, 0}, 
  {0, 0, 0, 0, 0, 0, 0, 0, 0, 0, 0, 0, 0, 0, 225}, 
  {0, 0, 0, 0, 0, 0, 0, 0, 0, 0, 0, 0, 0, 225, 225}, 
  {0, 0, 0, 0, 0, 0, 0, 0, 0, 0, 0, 0, 225, 225, 0}, 
  {0, 0, 0, 0, 0, 0, 0, 0, 0, 0, 0, 0, 140, 0, 225}, 
  {0, 0, 0, 0, 0, 0, 0, 0, 0, 0, 0, 0, 0, 0, 0}, 
  {0, 0, 0, 0, 0, 0, 0, 0, 0, 0, 0, 0, 0, 0, 0}
}, 
  {  {0, 0, 0, 0, 0, 0, 0, 0, 0, 0, 0, 0, 0, 0, 0}, 
  {0, 0, 0, 0, 0, 0, 0, 0, 0, 0, 0, 0, 0, 140, 140}, 
  {0, 0, 0, 0, 0, 0, 0, 0, 0, 0, 0, 0, 0, 0, 140}, 
  {0, 0, 0, 0, 0, 0, 0, 0, 0, 0, 0, 0, 0, 0, 0}, 
  {0, 0, 0, 0, 0, 0, 0, 0, 0, 0, 0, 0, 0, 0, 225}, 
  {0, 0, 0, 0, 0, 0, 0, 0, 0, 0, 0, 0, 0, 225, 225}, 
  {0, 0, 0, 0, 0, 0, 0, 0, 0, 0, 0, 0, 225, 225, 0}, 
  {0, 0, 0, 0, 0, 0, 0, 0, 0, 0, 0, 0, 140, 0, 225}, 
  {0, 0, 0, 0, 0, 0, 0, 0, 0, 0, 0, 0, 0, 0, 0}, 
  {0, 0, 0, 0, 0, 0, 0, 0, 0, 0, 0, 0, 0, 0, 0}
}, 
  {  {0, 0, 0, 0, 0, 0, 0, 0, 0, 0, 0, 0, 0, 0, 0}, 
  {0, 0, 0, 0, 0, 0, 0, 0, 0, 0, 0, 0, 0, 0, 140}, 
  {0, 0, 0, 0, 0, 0, 0, 0, 0, 0, 0, 0, 0, 0, 0}, 
  {0, 0, 0, 0, 0, 0, 0, 0, 0, 0, 0, 0, 0, 0, 0}, 
  {0, 0, 0, 0, 0, 0, 0, 0, 0, 0, 0, 0, 0, 0, 0}, 
  {0, 0, 0, 0, 0, 0, 0, 0, 0, 0, 0, 0, 0, 0, 225}, 
  {0, 0, 0, 0, 0, 0, 0, 0, 0, 0, 0, 0, 0, 225, 225}, 
  {0, 0, 0, 0, 0, 0, 0, 0, 0, 0, 0, 0, 0, 140, 0}, 
  {0, 0, 0, 0, 0, 0, 0, 0, 0, 0, 0, 0, 0, 0, 0}, 
  {0, 0, 0, 0, 0, 0, 0, 0, 0, 0, 0, 0, 0, 0, 0}
}, 
  {  {0, 0, 0, 0, 0, 0, 0, 0, 0, 0, 0, 0, 0, 0, 0}, 
  {0, 0, 0, 0, 0, 0, 0, 0, 0, 0, 0, 0, 0, 0, 140}, 
  {0, 0, 0, 0, 0, 0, 0, 0, 0, 0, 0, 0, 0, 0, 0}, 
  {0, 0, 0, 0, 0, 0, 0, 0, 0, 0, 0, 0, 0, 0, 0}, 
  {0, 0, 0, 0, 0, 0, 0, 0, 0, 0, 0, 0, 0, 0, 0}, 
  {0, 0, 0, 0, 0, 0, 0, 0, 0, 0, 0, 0, 0, 0, 225}, 
  {0, 0, 0, 0, 0, 0, 0, 0, 0, 0, 0, 0, 0, 225, 225}, 
  {0, 0, 0, 0, 0, 0, 0, 0, 0, 0, 0, 0, 0, 140, 0}, 
  {0, 0, 0, 0, 0, 0, 0, 0, 0, 0, 0, 0, 0, 0, 0}, 
  {0, 0, 0, 0, 0, 0, 0, 0, 0, 0, 0, 0, 0, 0, 0}
}, 
  {  {0, 0, 0, 0, 0, 0, 0, 0, 0, 0, 0, 0, 0, 0, 0}, 
  {0, 0, 0, 0, 0, 0, 0, 0, 0, 0, 0, 0, 0, 0, 140}, 
  {0, 0, 0, 0, 0, 0, 0, 0, 0, 0, 0, 0, 0, 0, 0}, 
  {0, 0, 0, 0, 0, 0, 0, 0, 0, 0, 0, 0, 0, 0, 0}, 
  {0, 0, 0, 0, 0, 0, 0, 0, 0, 0, 0, 0, 0, 0, 0}, 
  {0, 0, 0, 0, 0, 0, 0, 0, 0, 0, 0, 0, 0, 0, 225}, 
  {0, 0, 0, 0, 0, 0, 0, 0, 0, 0, 0, 0, 0, 225, 225}, 
  {0, 0, 0, 0, 0, 0, 0, 0, 0, 0, 0, 0, 0, 140, 0}, 
  {0, 0, 0, 0, 0, 0, 0, 0, 0, 0, 0, 0, 0, 0, 0}, 
  {0, 0, 0, 0, 0, 0, 0, 0, 0, 0, 0, 0, 0, 0, 0}
}, 
  {  {0, 0, 0, 0, 0, 0, 0, 0, 0, 0, 0, 0, 0, 0, 0}, 
  {0, 0, 0, 0, 0, 0, 0, 0, 0, 0, 0, 0, 0, 0, 140}, 
  {0, 0, 0, 0, 0, 0, 0, 0, 0, 0, 0, 0, 0, 0, 0}, 
  {0, 0, 0, 0, 0, 0, 0, 0, 0, 0, 0, 0, 0, 0, 0}, 
  {0, 0, 0, 0, 0, 0, 0, 0, 0, 0, 0, 0, 0, 0, 0}, 
  {0, 0, 0, 0, 0, 0, 0, 0, 0, 0, 0, 0, 0, 0, 225}, 
  {0, 0, 0, 0, 0, 0, 0, 0, 0, 0, 0, 0, 0, 225, 225}, 
  {0, 0, 0, 0, 0, 0, 0, 0, 0, 0, 0, 0, 0, 140, 0}, 
  {0, 0, 0, 0, 0, 0, 0, 0, 0, 0, 0, 0, 0, 0, 0}, 
  {0, 0, 0, 0, 0, 0, 0, 0, 0, 0, 0, 0, 0, 0, 0}
}, 
  {  {0, 0, 0, 0, 0, 0, 0, 0, 0, 0, 0, 0, 0, 0, 0}, 
  {0, 0, 0, 0, 0, 0, 0, 0, 0, 0, 0, 0, 0, 0, 0}, 
  {0, 0, 0, 0, 0, 0, 0, 0, 0, 0, 0, 0, 0, 0, 0}, 
  {0, 0, 0, 0, 0, 0, 0, 0, 0, 0, 0, 0, 0, 0, 0}, 
  {0, 0, 0, 0, 0, 0, 0, 0, 0, 0, 0, 0, 0, 0, 0}, 
  {0, 0, 0, 0, 0, 0, 0, 0, 0, 0, 0, 0, 0, 0, 0}, 
  {0, 0, 0, 0, 0, 0, 0, 0, 0, 0, 0, 0, 0, 0, 225}, 
  {0, 0, 0, 0, 0, 0, 0, 0, 0, 0, 0, 0, 0, 0, 140}, 
  {0, 0, 0, 0, 0, 0, 0, 0, 0, 0, 0, 0, 0, 0, 0}, 
  {0, 0, 0, 0, 0, 0, 0, 0, 0, 0, 0, 0, 0, 0, 0}
}, 
  {  {0, 0, 0, 0, 0, 0, 0, 0, 0, 0, 0, 0, 0, 0, 0}, 
  {0, 0, 0, 0, 0, 0, 0, 0, 0, 0, 0, 0, 0, 0, 0}, 
  {0, 0, 0, 0, 0, 0, 0, 0, 0, 0, 0, 0, 0, 0, 0}, 
  {0, 0, 0, 0, 0, 0, 0, 0, 0, 0, 0, 0, 0, 0, 0}, 
  {0, 0, 0, 0, 0, 0, 0, 0, 0, 0, 0, 0, 0, 0, 0}, 
  {0, 0, 0, 0, 0, 0, 0, 0, 0, 0, 0, 0, 0, 0, 0}, 
  {0, 0, 0, 0, 0, 0, 0, 0, 0, 0, 0, 0, 0, 0, 225}, 
  {0, 0, 0, 0, 0, 0, 0, 0, 0, 0, 0, 0, 0, 0, 140}, 
  {0, 0, 0, 0, 0, 0, 0, 0, 0, 0, 0, 0, 0, 0, 0}, 
  {0, 0, 0, 0, 0, 0, 0, 0, 0, 0, 0, 0, 0, 0, 0}
}, 
  {  {0, 0, 0, 0, 0, 0, 0, 0, 0, 0, 0, 0, 0, 0, 0}, 
  {0, 0, 0, 0, 0, 0, 0, 0, 0, 0, 0, 0, 0, 0, 0}, 
  {0, 0, 0, 0, 0, 0, 0, 0, 0, 0, 0, 0, 0, 0, 0}, 
  {0, 0, 0, 0, 0, 0, 0, 0, 0, 0, 0, 0, 0, 0, 0}, 
  {0, 0, 0, 0, 0, 0, 0, 0, 0, 0, 0, 0, 0, 0, 0}, 
  {0, 0, 0, 0, 0, 0, 0, 0, 0, 0, 0, 0, 0, 0, 0}, 
  {0, 0, 0, 0, 0, 0, 0, 0, 0, 0, 0, 0, 0, 0, 225}, 
  {0, 0, 0, 0, 0, 0, 0, 0, 0, 0, 0, 0, 0, 0, 140}, 
  {0, 0, 0, 0, 0, 0, 0, 0, 0, 0, 0, 0, 0, 0, 0}, 
  {0, 0, 0, 0, 0, 0, 0, 0, 0, 0, 0, 0, 0, 0, 0}
}, 
  {  {0, 0, 0, 0, 0, 0, 0, 0, 0, 0, 0, 0, 0, 0, 0}, 
  {0, 0, 0, 0, 0, 0, 0, 0, 0, 0, 0, 0, 0, 0, 0}, 
  {0, 0, 0, 0, 0, 0, 0, 0, 0, 0, 0, 0, 0, 0, 0}, 
  {0, 0, 0, 0, 0, 0, 0, 0, 0, 0, 0, 0, 0, 0, 0}, 
  {0, 0, 0, 0, 0, 0, 0, 0, 0, 0, 0, 0, 0, 0, 0}, 
  {0, 0, 0, 0, 0, 0, 0, 0, 0, 0, 0, 0, 0, 0, 0}, 
  {0, 0, 0, 0, 0, 0, 0, 0, 0, 0, 0, 0, 0, 0, 225}, 
  {0, 0, 0, 0, 0, 0, 0, 0, 0, 0, 0, 0, 0, 0, 109}, 
  {0, 0, 0, 0, 0, 0, 0, 0, 0, 0, 0, 0, 0, 0, 0}, 
  {0, 0, 0, 0, 0, 0, 0, 0, 0, 0, 0, 0, 0, 0, 0}
}, 
  {  {0, 0, 0, 0, 0, 0, 0, 0, 0, 0, 0, 0, 0, 0, 0}, 
  {0, 0, 0, 0, 0, 0, 0, 0, 0, 0, 0, 0, 0, 0, 0}, 
  {0, 0, 0, 0, 0, 0, 0, 0, 0, 0, 0, 0, 0, 0, 0}, 
  {0, 0, 0, 0, 0, 0, 0, 0, 0, 0, 0, 0, 0, 0, 0}, 
  {0, 0, 0, 0, 0, 0, 0, 0, 0, 0, 0, 0, 0, 0, 0}, 
  {0, 0, 0, 0, 0, 0, 0, 0, 0, 0, 0, 0, 0, 0, 0}, 
  {0, 0, 0, 0, 0, 0, 0, 0, 0, 0, 0, 0, 0, 0, 0}, 
  {0, 0, 0, 0, 0, 0, 0, 0, 0, 0, 0, 0, 0, 0, 0}, 
  {0, 0, 0, 0, 0, 0, 0, 0, 0, 0, 0, 0, 0, 0, 0}, 
  {0, 0, 0, 0, 0, 0, 0, 0, 0, 0, 0, 0, 0, 0, 0}
}
