byte yodawalkgif_blues[100][10][15]=
  {  {0, 0, 0, 0, 0, 0, 0, 0, 0, 0, 0, 0, 0, 0, 0}, 
  {0, 0, 0, 0, 0, 0, 0, 0, 0, 0, 0, 0, 0, 0, 0}, 
  {0, 0, 0, 0, 0, 0, 0, 0, 0, 0, 0, 0, 0, 0, 0}, 
  {0, 0, 0, 0, 0, 0, 0, 0, 0, 0, 0, 0, 0, 0, 0}, 
  {0, 0, 0, 0, 0, 0, 0, 0, 0, 0, 0, 0, 0, 0, 0}, 
  {0, 0, 0, 0, 0, 0, 0, 0, 0, 0, 0, 0, 0, 0, 0}, 
  {0, 0, 0, 0, 0, 0, 0, 0, 0, 0, 0, 0, 0, 0, 0}, 
  {0, 0, 0, 0, 0, 0, 0, 0, 0, 0, 0, 0, 0, 0, 0}, 
  {0, 0, 0, 0, 0, 0, 0, 0, 0, 0, 0, 0, 0, 0, 0}, 
  {0, 0, 0, 0, 0, 0, 0, 0, 0, 0, 0, 0, 0, 0, 0}
}, 
  {  {0, 0, 0, 0, 0, 0, 0, 0, 0, 0, 0, 0, 0, 0, 0}, 
  {0, 0, 0, 0, 0, 0, 0, 0, 0, 0, 0, 0, 0, 0, 0}, 
  {0, 0, 0, 0, 0, 0, 0, 0, 0, 0, 0, 0, 0, 0, 0}, 
  {0, 0, 0, 0, 0, 0, 0, 0, 0, 0, 0, 0, 0, 0, 0}, 
  {59, 0, 0, 0, 0, 0, 0, 0, 0, 0, 0, 0, 0, 0, 0}, 
  {49, 0, 0, 0, 0, 0, 0, 0, 0, 0, 0, 0, 0, 0, 0}, 
  {49, 0, 0, 0, 0, 0, 0, 0, 0, 0, 0, 0, 0, 0, 0}, 
  {49, 0, 0, 0, 0, 0, 0, 0, 0, 0, 0, 0, 0, 0, 0}, 
  {49, 0, 0, 0, 0, 0, 0, 0, 0, 0, 0, 0, 0, 0, 0}, 
  {0, 0, 0, 0, 0, 0, 0, 0, 0, 0, 0, 0, 0, 0, 0}
}, 
  {  {0, 0, 0, 0, 0, 0, 0, 0, 0, 0, 0, 0, 0, 0, 0}, 
  {0, 0, 0, 0, 0, 0, 0, 0, 0, 0, 0, 0, 0, 0, 0}, 
  {0, 0, 0, 0, 0, 0, 0, 0, 0, 0, 0, 0, 0, 0, 0}, 
  {0, 0, 0, 0, 0, 0, 0, 0, 0, 0, 0, 0, 0, 0, 0}, 
  {0, 0, 0, 0, 0, 0, 0, 0, 0, 0, 0, 0, 0, 0, 0}, 
  {59, 0, 0, 0, 0, 0, 0, 0, 0, 0, 0, 0, 0, 0, 0}, 
  {49, 0, 0, 0, 0, 0, 0, 0, 0, 0, 0, 0, 0, 0, 0}, 
  {49, 0, 0, 0, 0, 0, 0, 0, 0, 0, 0, 0, 0, 0, 0}, 
  {49, 0, 0, 0, 0, 0, 0, 0, 0, 0, 0, 0, 0, 0, 0}, 
  {49, 0, 0, 0, 0, 0, 0, 0, 0, 0, 0, 0, 0, 0, 0}
}, 
  {  {0, 0, 0, 0, 0, 0, 0, 0, 0, 0, 0, 0, 0, 0, 0}, 
  {0, 0, 0, 0, 0, 0, 0, 0, 0, 0, 0, 0, 0, 0, 0}, 
  {0, 0, 0, 0, 0, 0, 0, 0, 0, 0, 0, 0, 0, 0, 0}, 
  {0, 0, 0, 0, 0, 0, 0, 0, 0, 0, 0, 0, 0, 0, 0}, 
  {0, 0, 0, 0, 0, 0, 0, 0, 0, 0, 0, 0, 0, 0, 0}, 
  {59, 0, 0, 0, 0, 0, 0, 0, 0, 0, 0, 0, 0, 0, 0}, 
  {49, 0, 0, 0, 0, 0, 0, 0, 0, 0, 0, 0, 0, 0, 0}, 
  {49, 0, 0, 0, 0, 0, 0, 0, 0, 0, 0, 0, 0, 0, 0}, 
  {49, 0, 0, 0, 0, 0, 0, 0, 0, 0, 0, 0, 0, 0, 0}, 
  {49, 0, 0, 0, 0, 0, 0, 0, 0, 0, 0, 0, 0, 0, 0}
}, 
  {  {0, 0, 0, 0, 0, 0, 0, 0, 0, 0, 0, 0, 0, 0, 0}, 
  {0, 0, 0, 0, 0, 0, 0, 0, 0, 0, 0, 0, 0, 0, 0}, 
  {0, 0, 0, 0, 0, 0, 0, 0, 0, 0, 0, 0, 0, 0, 0}, 
  {0, 0, 0, 0, 0, 0, 0, 0, 0, 0, 0, 0, 0, 0, 0}, 
  {59, 0, 0, 0, 0, 0, 0, 0, 0, 0, 0, 0, 0, 0, 0}, 
  {49, 0, 0, 0, 0, 0, 0, 0, 0, 0, 0, 0, 0, 0, 0}, 
  {49, 0, 0, 0, 0, 0, 0, 0, 0, 0, 0, 0, 0, 0, 0}, 
  {49, 0, 0, 0, 0, 0, 0, 0, 0, 0, 0, 0, 0, 0, 0}, 
  {49, 0, 0, 0, 0, 0, 0, 0, 0, 0, 0, 0, 0, 0, 0}, 
  {0, 0, 0, 0, 0, 0, 0, 0, 0, 0, 0, 0, 0, 0, 0}
}, 
  {  {0, 0, 0, 0, 0, 0, 0, 0, 0, 0, 0, 0, 0, 0, 0}, 
  {0, 0, 0, 0, 0, 0, 0, 0, 0, 0, 0, 0, 0, 0, 0}, 
  {0, 0, 0, 0, 0, 0, 0, 0, 0, 0, 0, 0, 0, 0, 0}, 
  {0, 0, 0, 0, 0, 0, 0, 0, 0, 0, 0, 0, 0, 0, 0}, 
  {180, 59, 0, 0, 0, 0, 0, 0, 0, 0, 0, 0, 0, 0, 0}, 
  {0, 49, 0, 0, 0, 0, 0, 0, 0, 0, 0, 0, 0, 0, 0}, 
  {0, 49, 0, 0, 0, 0, 0, 0, 0, 0, 0, 0, 0, 0, 0}, 
  {0, 49, 0, 0, 0, 0, 0, 0, 0, 0, 0, 0, 0, 0, 0}, 
  {0, 49, 0, 0, 0, 0, 0, 0, 0, 0, 0, 0, 0, 0, 0}, 
  {0, 0, 0, 0, 0, 0, 0, 0, 0, 0, 0, 0, 0, 0, 0}
}, 
  {  {0, 0, 0, 0, 0, 0, 0, 0, 0, 0, 0, 0, 0, 0, 0}, 
  {0, 0, 0, 0, 0, 0, 0, 0, 0, 0, 0, 0, 0, 0, 0}, 
  {0, 0, 0, 0, 0, 0, 0, 0, 0, 0, 0, 0, 0, 0, 0}, 
  {0, 0, 0, 0, 0, 0, 0, 0, 0, 0, 0, 0, 0, 0, 0}, 
  {0, 0, 0, 0, 0, 0, 0, 0, 0, 0, 0, 0, 0, 0, 0}, 
  {180, 59, 0, 0, 0, 0, 0, 0, 0, 0, 0, 0, 0, 0, 0}, 
  {0, 49, 0, 0, 0, 0, 0, 0, 0, 0, 0, 0, 0, 0, 0}, 
  {0, 49, 0, 0, 0, 0, 0, 0, 0, 0, 0, 0, 0, 0, 0}, 
  {0, 49, 0, 0, 0, 0, 0, 0, 0, 0, 0, 0, 0, 0, 0}, 
  {0, 49, 0, 0, 0, 0, 0, 0, 0, 0, 0, 0, 0, 0, 0}
}, 
  {  {0, 0, 0, 0, 0, 0, 0, 0, 0, 0, 0, 0, 0, 0, 0}, 
  {59, 0, 0, 0, 0, 0, 0, 0, 0, 0, 0, 0, 0, 0, 0}, 
  {0, 0, 0, 0, 0, 0, 0, 0, 0, 0, 0, 0, 0, 0, 0}, 
  {0, 0, 0, 0, 0, 0, 0, 0, 0, 0, 0, 0, 0, 0, 0}, 
  {0, 0, 0, 0, 0, 0, 0, 0, 0, 0, 0, 0, 0, 0, 0}, 
  {180, 59, 0, 0, 0, 0, 0, 0, 0, 0, 0, 0, 0, 0, 0}, 
  {0, 49, 0, 0, 0, 0, 0, 0, 0, 0, 0, 0, 0, 0, 0}, 
  {0, 49, 0, 0, 0, 0, 0, 0, 0, 0, 0, 0, 0, 0, 0}, 
  {0, 49, 0, 0, 0, 0, 0, 0, 0, 0, 0, 0, 0, 0, 0}, 
  {0, 49, 0, 0, 0, 0, 0, 0, 0, 0, 0, 0, 0, 0, 0}
}, 
  {  {0, 0, 0, 0, 0, 0, 0, 0, 0, 0, 0, 0, 0, 0, 0}, 
  {59, 0, 0, 0, 0, 0, 0, 0, 0, 0, 0, 0, 0, 0, 0}, 
  {0, 0, 0, 0, 0, 0, 0, 0, 0, 0, 0, 0, 0, 0, 0}, 
  {0, 0, 0, 0, 0, 0, 0, 0, 0, 0, 0, 0, 0, 0, 0}, 
  {180, 59, 0, 0, 0, 0, 0, 0, 0, 0, 0, 0, 0, 0, 0}, 
  {0, 49, 0, 0, 0, 0, 0, 0, 0, 0, 0, 0, 0, 0, 0}, 
  {0, 49, 0, 0, 0, 0, 0, 0, 0, 0, 0, 0, 0, 0, 0}, 
  {0, 49, 0, 0, 0, 0, 0, 0, 0, 0, 0, 0, 0, 0, 0}, 
  {0, 49, 0, 0, 0, 0, 0, 0, 0, 0, 0, 0, 0, 0, 0}, 
  {0, 0, 0, 0, 0, 0, 0, 0, 0, 0, 0, 0, 0, 0, 0}
}, 
  {  {0, 0, 0, 0, 0, 0, 0, 0, 0, 0, 0, 0, 0, 0, 0}, 
  {59, 0, 0, 0, 0, 0, 0, 0, 0, 0, 0, 0, 0, 0, 0}, 
  {0, 0, 0, 0, 0, 0, 0, 0, 0, 0, 0, 0, 0, 0, 0}, 
  {0, 0, 0, 0, 0, 0, 0, 0, 0, 0, 0, 0, 0, 0, 0}, 
  {191, 180, 59, 0, 0, 0, 0, 0, 0, 0, 0, 0, 0, 0, 0}, 
  {0, 0, 49, 0, 0, 0, 0, 0, 0, 0, 0, 0, 0, 0, 0}, 
  {0, 0, 49, 0, 0, 0, 0, 0, 0, 0, 0, 0, 0, 0, 0}, 
  {0, 0, 49, 0, 0, 0, 0, 0, 0, 0, 0, 0, 0, 0, 0}, 
  {0, 0, 49, 0, 0, 0, 0, 0, 0, 0, 0, 0, 0, 0, 0}, 
  {0, 0, 0, 0, 0, 0, 0, 0, 0, 0, 0, 0, 0, 0, 0}
}
  {  {0, 0, 0, 0, 0, 0, 0, 0, 0, 0, 0, 0, 0, 0, 0}, 
  {59, 0, 0, 0, 0, 0, 0, 0, 0, 0, 0, 0, 0, 0, 0}, 
  {0, 0, 0, 0, 0, 0, 0, 0, 0, 0, 0, 0, 0, 0, 0}, 
  {0, 0, 0, 0, 0, 0, 0, 0, 0, 0, 0, 0, 0, 0, 0}, 
  {0, 0, 0, 0, 0, 0, 0, 0, 0, 0, 0, 0, 0, 0, 0}, 
  {191, 180, 59, 0, 0, 0, 0, 0, 0, 0, 0, 0, 0, 0, 0}, 
  {0, 0, 49, 0, 0, 0, 0, 0, 0, 0, 0, 0, 0, 0, 0}, 
  {0, 0, 49, 0, 0, 0, 0, 0, 0, 0, 0, 0, 0, 0, 0}, 
  {0, 0, 49, 0, 0, 0, 0, 0, 0, 0, 0, 0, 0, 0, 0}, 
  {0, 0, 49, 0, 0, 0, 0, 0, 0, 0, 0, 0, 0, 0, 0}
}
  {  {0, 0, 0, 0, 0, 0, 0, 0, 0, 0, 0, 0, 0, 0, 0}, 
  {59, 59, 0, 0, 0, 0, 0, 0, 0, 0, 0, 0, 0, 0, 0}, 
  {59, 0, 0, 0, 0, 0, 0, 0, 0, 0, 0, 0, 0, 0, 0}, 
  {0, 0, 0, 0, 0, 0, 0, 0, 0, 0, 0, 0, 0, 0, 0}, 
  {191, 0, 0, 0, 0, 0, 0, 0, 0, 0, 0, 0, 0, 0, 0}, 
  {191, 180, 59, 0, 0, 0, 0, 0, 0, 0, 0, 0, 0, 0, 0}, 
  {0, 0, 49, 0, 0, 0, 0, 0, 0, 0, 0, 0, 0, 0, 0}, 
  {0, 0, 49, 0, 0, 0, 0, 0, 0, 0, 0, 0, 0, 0, 0}, 
  {0, 0, 49, 0, 0, 0, 0, 0, 0, 0, 0, 0, 0, 0, 0}, 
  {0, 0, 49, 0, 0, 0, 0, 0, 0, 0, 0, 0, 0, 0, 0}
}
  {  {0, 0, 0, 0, 0, 0, 0, 0, 0, 0, 0, 0, 0, 0, 0}, 
  {59, 59, 0, 0, 0, 0, 0, 0, 0, 0, 0, 0, 0, 0, 0}, 
  {59, 0, 0, 0, 0, 0, 0, 0, 0, 0, 0, 0, 0, 0, 0}, 
  {0, 0, 0, 0, 0, 0, 0, 0, 0, 0, 0, 0, 0, 0, 0}, 
  {191, 180, 59, 0, 0, 0, 0, 0, 0, 0, 0, 0, 0, 0, 0}, 
  {0, 0, 49, 0, 0, 0, 0, 0, 0, 0, 0, 0, 0, 0, 0}, 
  {0, 0, 49, 0, 0, 0, 0, 0, 0, 0, 0, 0, 0, 0, 0}, 
  {0, 0, 49, 0, 0, 0, 0, 0, 0, 0, 0, 0, 0, 0, 0}, 
  {0, 0, 49, 0, 0, 0, 0, 0, 0, 0, 0, 0, 0, 0, 0}, 
  {59, 0, 0, 0, 0, 0, 0, 0, 0, 0, 0, 0, 0, 0, 0}
}
  {  {0, 0, 0, 0, 0, 0, 0, 0, 0, 0, 0, 0, 0, 0, 0}, 
  {59, 59, 0, 0, 0, 0, 0, 0, 0, 0, 0, 0, 0, 0, 0}, 
  {59, 0, 0, 0, 0, 0, 0, 0, 0, 0, 0, 0, 0, 0, 0}, 
  {0, 0, 0, 0, 0, 0, 0, 0, 0, 0, 0, 0, 0, 0, 0}, 
  {191, 191, 180, 59, 0, 0, 0, 0, 0, 0, 0, 0, 0, 0, 0}, 
  {0, 0, 0, 49, 0, 0, 0, 0, 0, 0, 0, 0, 0, 0, 0}, 
  {0, 0, 0, 49, 0, 0, 0, 0, 0, 0, 0, 0, 0, 0, 0}, 
  {0, 0, 0, 49, 0, 0, 0, 0, 0, 0, 0, 0, 0, 0, 0}, 
  {0, 0, 0, 49, 0, 0, 0, 0, 0, 0, 0, 0, 0, 0, 0}, 
  {59, 0, 0, 0, 0, 0, 0, 0, 0, 0, 0, 0, 0, 0, 0}
}
  {  {0, 0, 0, 0, 0, 0, 0, 0, 0, 0, 0, 0, 0, 0, 0}, 
  {59, 59, 0, 0, 0, 0, 0, 0, 0, 0, 0, 0, 0, 0, 0}, 
  {59, 0, 0, 0, 0, 0, 0, 0, 0, 0, 0, 0, 0, 0, 0}, 
  {0, 0, 0, 0, 0, 0, 0, 0, 0, 0, 0, 0, 0, 0, 0}, 
  {191, 0, 0, 0, 0, 0, 0, 0, 0, 0, 0, 0, 0, 0, 0}, 
  {191, 191, 180, 59, 0, 0, 0, 0, 0, 0, 0, 0, 0, 0, 0}, 
  {0, 0, 0, 49, 0, 0, 0, 0, 0, 0, 0, 0, 0, 0, 0}, 
  {0, 0, 0, 49, 0, 0, 0, 0, 0, 0, 0, 0, 0, 0, 0}, 
  {0, 0, 0, 49, 0, 0, 0, 0, 0, 0, 0, 0, 0, 0, 0}, 
  {59, 0, 0, 49, 0, 0, 0, 0, 0, 0, 0, 0, 0, 0, 0}
}
  {  {59, 0, 0, 0, 0, 0, 0, 0, 0, 0, 0, 0, 0, 0, 0}, 
  {247, 59, 59, 0, 0, 0, 0, 0, 0, 0, 0, 0, 0, 0, 0}, 
  {59, 59, 0, 0, 0, 0, 0, 0, 0, 0, 0, 0, 0, 0, 0}, 
  {59, 0, 0, 0, 0, 0, 0, 0, 0, 0, 0, 0, 0, 0, 0}, 
  {191, 191, 0, 0, 0, 0, 0, 0, 0, 0, 0, 0, 0, 0, 0}, 
  {191, 191, 180, 59, 0, 0, 0, 0, 0, 0, 0, 0, 0, 0, 0}, 
  {49, 0, 0, 49, 0, 0, 0, 0, 0, 0, 0, 0, 0, 0, 0}, 
  {191, 0, 0, 49, 0, 0, 0, 0, 0, 0, 0, 0, 0, 0, 0}, 
  {59, 0, 0, 49, 0, 0, 0, 0, 0, 0, 0, 0, 0, 0, 0}, 
  {59, 59, 0, 49, 0, 0, 0, 0, 0, 0, 0, 0, 0, 0, 0}
}
  {  {59, 0, 0, 0, 0, 0, 0, 0, 0, 0, 0, 0, 0, 0, 0}, 
  {247, 59, 59, 0, 0, 0, 0, 0, 0, 0, 0, 0, 0, 0, 0}, 
  {59, 59, 0, 0, 0, 0, 0, 0, 0, 0, 0, 0, 0, 0, 0}, 
  {59, 0, 0, 0, 0, 0, 0, 0, 0, 0, 0, 0, 0, 0, 0}, 
  {191, 191, 180, 59, 0, 0, 0, 0, 0, 0, 0, 0, 0, 0, 0}, 
  {191, 0, 0, 49, 0, 0, 0, 0, 0, 0, 0, 0, 0, 0, 0}, 
  {49, 0, 0, 49, 0, 0, 0, 0, 0, 0, 0, 0, 0, 0, 0}, 
  {191, 0, 0, 49, 0, 0, 0, 0, 0, 0, 0, 0, 0, 0, 0}, 
  {59, 0, 0, 49, 0, 0, 0, 0, 0, 0, 0, 0, 0, 0, 0}, 
  {59, 59, 0, 0, 0, 0, 0, 0, 0, 0, 0, 0, 0, 0, 0}
}
  {  {59, 0, 0, 0, 0, 0, 0, 0, 0, 0, 0, 0, 0, 0, 0}, 
  {247, 59, 59, 0, 0, 0, 0, 0, 0, 0, 0, 0, 0, 0, 0}, 
  {59, 59, 0, 0, 0, 0, 0, 0, 0, 0, 0, 0, 0, 0, 0}, 
  {59, 0, 0, 0, 0, 0, 0, 0, 0, 0, 0, 0, 0, 0, 0}, 
  {191, 191, 191, 180, 59, 0, 0, 0, 0, 0, 0, 0, 0, 0, 0}, 
  {191, 0, 0, 0, 49, 0, 0, 0, 0, 0, 0, 0, 0, 0, 0}, 
  {49, 0, 0, 0, 49, 0, 0, 0, 0, 0, 0, 0, 0, 0, 0}, 
  {191, 0, 0, 0, 49, 0, 0, 0, 0, 0, 0, 0, 0, 0, 0}, 
  {59, 0, 0, 0, 49, 0, 0, 0, 0, 0, 0, 0, 0, 0, 0}, 
  {0, 0, 0, 0, 0, 0, 0, 0, 0, 0, 0, 0, 0, 0, 0}
}
  {  {59, 0, 0, 0, 0, 0, 0, 0, 0, 0, 0, 0, 0, 0, 0}, 
  {247, 59, 59, 0, 0, 0, 0, 0, 0, 0, 0, 0, 0, 0, 0}, 
  {59, 59, 0, 0, 0, 0, 0, 0, 0, 0, 0, 0, 0, 0, 0}, 
  {59, 0, 0, 0, 0, 0, 0, 0, 0, 0, 0, 0, 0, 0, 0}, 
  {191, 191, 0, 0, 0, 0, 0, 0, 0, 0, 0, 0, 0, 0, 0}, 
  {191, 191, 191, 180, 59, 0, 0, 0, 0, 0, 0, 0, 0, 0, 0}, 
  {49, 0, 0, 0, 49, 0, 0, 0, 0, 0, 0, 0, 0, 0, 0}, 
  {191, 0, 0, 0, 49, 0, 0, 0, 0, 0, 0, 0, 0, 0, 0}, 
  {59, 0, 0, 0, 49, 0, 0, 0, 0, 0, 0, 0, 0, 0, 0}, 
  {0, 0, 0, 0, 49, 0, 0, 0, 0, 0, 0, 0, 0, 0, 0}
}
  {  {59, 59, 0, 0, 0, 0, 0, 0, 0, 0, 0, 0, 0, 0, 0}, 
  {59, 247, 59, 59, 0, 0, 0, 0, 0, 0, 0, 0, 0, 0, 0}, 
  {59, 59, 59, 0, 0, 0, 0, 0, 0, 0, 0, 0, 0, 0, 0}, 
  {59, 59, 0, 0, 0, 0, 0, 0, 0, 0, 0, 0, 0, 0, 0}, 
  {59, 191, 191, 0, 0, 0, 0, 0, 0, 0, 0, 0, 0, 0, 0}, 
  {191, 191, 191, 180, 59, 0, 0, 0, 0, 0, 0, 0, 0, 0, 0}, 
  {49, 49, 0, 0, 49, 0, 0, 0, 0, 0, 0, 0, 0, 0, 0}, 
  {191, 191, 0, 0, 49, 0, 0, 0, 0, 0, 0, 0, 0, 0, 0}, 
  {59, 59, 0, 0, 49, 0, 0, 0, 0, 0, 0, 0, 0, 0, 0}, 
  {59, 0, 0, 0, 49, 0, 0, 0, 0, 0, 0, 0, 0, 0, 0}
}
  {  {59, 59, 0, 0, 0, 0, 0, 0, 0, 0, 0, 0, 0, 0, 0}, 
  {59, 247, 59, 59, 0, 0, 0, 0, 0, 0, 0, 0, 0, 0, 0}, 
  {59, 59, 59, 0, 0, 0, 0, 0, 0, 0, 0, 0, 0, 0, 0}, 
  {59, 59, 0, 0, 0, 0, 0, 0, 0, 0, 0, 0, 0, 0, 0}, 
  {59, 191, 191, 180, 59, 0, 0, 0, 0, 0, 0, 0, 0, 0, 0}, 
  {191, 191, 0, 0, 49, 0, 0, 0, 0, 0, 0, 0, 0, 0, 0}, 
  {49, 49, 0, 0, 49, 0, 0, 0, 0, 0, 0, 0, 0, 0, 0}, 
  {191, 191, 0, 0, 49, 0, 0, 0, 0, 0, 0, 0, 0, 0, 0}, 
  {59, 59, 0, 0, 49, 0, 0, 0, 0, 0, 0, 0, 0, 0, 0}, 
  {59, 0, 0, 0, 0, 0, 0, 0, 0, 0, 0, 0, 0, 0, 0}
}
  {  {59, 59, 0, 0, 0, 0, 0, 0, 0, 0, 0, 0, 0, 0, 0}, 
  {59, 247, 59, 59, 0, 0, 0, 0, 0, 0, 0, 0, 0, 0, 0}, 
  {59, 59, 59, 0, 0, 0, 0, 0, 0, 0, 0, 0, 0, 0, 0}, 
  {59, 59, 0, 0, 0, 0, 0, 0, 0, 0, 0, 0, 0, 0, 0}, 
  {59, 191, 191, 191, 180, 59, 0, 0, 0, 0, 0, 0, 0, 0, 0}, 
  {191, 191, 0, 0, 0, 49, 0, 0, 0, 0, 0, 0, 0, 0, 0}, 
  {49, 49, 0, 0, 0, 49, 0, 0, 0, 0, 0, 0, 0, 0, 0}, 
  {191, 191, 0, 0, 0, 49, 0, 0, 0, 0, 0, 0, 0, 0, 0}, 
  {0, 59, 0, 0, 0, 49, 0, 0, 0, 0, 0, 0, 0, 0, 0}, 
  {0, 59, 59, 0, 0, 0, 0, 0, 0, 0, 0, 0, 0, 0, 0}
}
  {  {59, 59, 0, 0, 0, 0, 0, 0, 0, 0, 0, 0, 0, 0, 0}, 
  {59, 247, 59, 59, 0, 0, 0, 0, 0, 0, 0, 0, 0, 0, 0}, 
  {59, 59, 59, 0, 0, 0, 0, 0, 0, 0, 0, 0, 0, 0, 0}, 
  {59, 59, 0, 0, 0, 0, 0, 0, 0, 0, 0, 0, 0, 0, 0}, 
  {59, 191, 191, 0, 0, 0, 0, 0, 0, 0, 0, 0, 0, 0, 0}, 
  {191, 191, 191, 191, 180, 59, 0, 0, 0, 0, 0, 0, 0, 0, 0}, 
  {49, 49, 0, 0, 0, 49, 0, 0, 0, 0, 0, 0, 0, 0, 0}, 
  {191, 191, 0, 0, 0, 49, 0, 0, 0, 0, 0, 0, 0, 0, 0}, 
  {0, 59, 0, 0, 0, 49, 0, 0, 0, 0, 0, 0, 0, 0, 0}, 
  {0, 59, 59, 0, 0, 49, 0, 0, 0, 0, 0, 0, 0, 0, 0}
}
  {  {59, 59, 59, 0, 0, 0, 0, 0, 0, 0, 0, 0, 0, 0, 0}, 
  {247, 59, 247, 59, 59, 0, 0, 0, 0, 0, 0, 0, 0, 0, 0}, 
  {59, 59, 59, 59, 0, 0, 0, 0, 0, 0, 0, 0, 0, 0, 0}, 
  {59, 59, 59, 0, 0, 0, 0, 0, 0, 0, 0, 0, 0, 0, 0}, 
  {191, 59, 191, 191, 0, 0, 0, 0, 0, 0, 0, 0, 0, 0, 0}, 
  {191, 191, 191, 191, 180, 59, 0, 0, 0, 0, 0, 0, 0, 0, 0}, 
  {49, 49, 49, 0, 0, 49, 0, 0, 0, 0, 0, 0, 0, 0, 0}, 
  {191, 191, 191, 0, 0, 49, 0, 0, 0, 0, 0, 0, 0, 0, 0}, 
  {0, 0, 59, 0, 0, 49, 0, 0, 0, 0, 0, 0, 0, 0, 0}, 
  {0, 0, 59, 59, 0, 49, 0, 0, 0, 0, 0, 0, 0, 0, 0}
}
  {  {59, 59, 59, 0, 0, 0, 0, 0, 0, 0, 0, 0, 0, 0, 0}, 
  {247, 59, 247, 59, 59, 0, 0, 0, 0, 0, 0, 0, 0, 0, 0}, 
  {59, 59, 59, 59, 0, 0, 0, 0, 0, 0, 0, 0, 0, 0, 0}, 
  {59, 59, 59, 0, 0, 0, 0, 0, 0, 0, 0, 0, 0, 0, 0}, 
  {191, 59, 191, 191, 180, 59, 0, 0, 0, 0, 0, 0, 0, 0, 0}, 
  {191, 191, 191, 0, 0, 49, 0, 0, 0, 0, 0, 0, 0, 0, 0}, 
  {49, 49, 49, 0, 0, 49, 0, 0, 0, 0, 0, 0, 0, 0, 0}, 
  {191, 191, 191, 0, 0, 49, 0, 0, 0, 0, 0, 0, 0, 0, 0}, 
  {0, 0, 59, 0, 0, 49, 0, 0, 0, 0, 0, 0, 0, 0, 0}, 
  {0, 0, 59, 59, 0, 0, 0, 0, 0, 0, 0, 0, 0, 0, 0}
}
  {  {59, 59, 59, 0, 0, 0, 0, 0, 0, 0, 0, 0, 0, 0, 0}, 
  {247, 59, 247, 59, 59, 0, 0, 0, 0, 0, 0, 0, 0, 0, 0}, 
  {59, 59, 59, 59, 0, 0, 0, 0, 0, 0, 0, 0, 0, 0, 0}, 
  {59, 59, 59, 0, 0, 0, 0, 0, 0, 0, 0, 0, 0, 0, 0}, 
  {191, 59, 191, 191, 191, 180, 59, 0, 0, 0, 0, 0, 0, 0, 0}, 
  {191, 191, 191, 0, 0, 0, 49, 0, 0, 0, 0, 0, 0, 0, 0}, 
  {49, 49, 49, 0, 0, 0, 49, 0, 0, 0, 0, 0, 0, 0, 0}, 
  {191, 191, 191, 0, 0, 0, 49, 0, 0, 0, 0, 0, 0, 0, 0}, 
  {0, 0, 59, 0, 0, 0, 49, 0, 0, 0, 0, 0, 0, 0, 0}, 
  {59, 0, 59, 59, 0, 0, 0, 0, 0, 0, 0, 0, 0, 0, 0}
}
  {  {59, 59, 59, 0, 0, 0, 0, 0, 0, 0, 0, 0, 0, 0, 0}, 
  {247, 59, 247, 59, 59, 0, 0, 0, 0, 0, 0, 0, 0, 0, 0}, 
  {59, 59, 59, 59, 0, 0, 0, 0, 0, 0, 0, 0, 0, 0, 0}, 
  {59, 59, 59, 0, 0, 0, 0, 0, 0, 0, 0, 0, 0, 0, 0}, 
  {191, 59, 191, 191, 0, 0, 0, 0, 0, 0, 0, 0, 0, 0, 0}, 
  {191, 191, 191, 191, 191, 180, 59, 0, 0, 0, 0, 0, 0, 0, 0}, 
  {49, 49, 49, 0, 0, 0, 49, 0, 0, 0, 0, 0, 0, 0, 0}, 
  {191, 191, 191, 0, 0, 0, 49, 0, 0, 0, 0, 0, 0, 0, 0}, 
  {0, 59, 59, 0, 0, 0, 49, 0, 0, 0, 0, 0, 0, 0, 0}, 
  {59, 59, 0, 0, 0, 0, 49, 0, 0, 0, 0, 0, 0, 0, 0}
}
  {  {0, 59, 59, 59, 0, 0, 0, 0, 0, 0, 0, 0, 0, 0, 0}, 
  {59, 247, 59, 247, 59, 59, 0, 0, 0, 0, 0, 0, 0, 0, 0}, 
  {59, 59, 59, 59, 59, 0, 0, 0, 0, 0, 0, 0, 0, 0, 0}, 
  {0, 59, 59, 59, 0, 0, 0, 0, 0, 0, 0, 0, 0, 0, 0}, 
  {191, 191, 59, 191, 191, 0, 0, 0, 0, 0, 0, 0, 0, 0, 0}, 
  {191, 191, 191, 191, 191, 180, 59, 0, 0, 0, 0, 0, 0, 0, 0}, 
  {49, 49, 49, 49, 0, 0, 49, 0, 0, 0, 0, 0, 0, 0, 0}, 
  {191, 191, 191, 191, 0, 0, 49, 0, 0, 0, 0, 0, 0, 0, 0}, 
  {59, 0, 59, 59, 0, 0, 49, 0, 0, 0, 0, 0, 0, 0, 0}, 
  {59, 59, 59, 0, 0, 0, 49, 0, 0, 0, 0, 0, 0, 0, 0}
}
  {  {0, 59, 59, 59, 0, 0, 0, 0, 0, 0, 0, 0, 0, 0, 0}, 
  {59, 247, 59, 247, 59, 59, 0, 0, 0, 0, 0, 0, 0, 0, 0}, 
  {59, 59, 59, 59, 59, 0, 0, 0, 0, 0, 0, 0, 0, 0, 0}, 
  {0, 59, 59, 59, 0, 0, 0, 0, 0, 0, 0, 0, 0, 0, 0}, 
  {191, 191, 59, 191, 191, 180, 59, 0, 0, 0, 0, 0, 0, 0, 0}, 
  {191, 191, 191, 191, 0, 0, 49, 0, 0, 0, 0, 0, 0, 0, 0}, 
  {49, 49, 49, 49, 0, 0, 49, 0, 0, 0, 0, 0, 0, 0, 0}, 
  {191, 191, 191, 191, 0, 0, 49, 0, 0, 0, 0, 0, 0, 0, 0}, 
  {59, 0, 59, 59, 0, 0, 49, 0, 0, 0, 0, 0, 0, 0, 0}, 
  {59, 59, 59, 0, 0, 0, 0, 0, 0, 0, 0, 0, 0, 0, 0}
}
  {  {0, 59, 59, 59, 0, 0, 0, 0, 0, 0, 0, 0, 0, 0, 0}, 
  {59, 247, 59, 247, 59, 59, 0, 0, 0, 0, 0, 0, 0, 0, 0}, 
  {59, 59, 59, 59, 59, 0, 0, 0, 0, 0, 0, 0, 0, 0, 0}, 
  {0, 59, 59, 59, 0, 0, 0, 0, 0, 0, 0, 0, 0, 0, 0}, 
  {191, 191, 59, 191, 191, 191, 180, 59, 0, 0, 0, 0, 0, 0, 0}, 
  {191, 191, 191, 191, 0, 0, 0, 49, 0, 0, 0, 0, 0, 0, 0}, 
  {49, 49, 49, 49, 0, 0, 0, 49, 0, 0, 0, 0, 0, 0, 0}, 
  {191, 191, 191, 191, 0, 0, 0, 49, 0, 0, 0, 0, 0, 0, 0}, 
  {59, 0, 59, 59, 0, 0, 0, 49, 0, 0, 0, 0, 0, 0, 0}, 
  {59, 59, 59, 0, 0, 0, 0, 0, 0, 0, 0, 0, 0, 0, 0}
}
  {  {0, 59, 59, 59, 0, 0, 0, 0, 0, 0, 0, 0, 0, 0, 0}, 
  {59, 247, 59, 247, 59, 59, 0, 0, 0, 0, 0, 0, 0, 0, 0}, 
  {59, 59, 59, 59, 59, 0, 0, 0, 0, 0, 0, 0, 0, 0, 0}, 
  {0, 59, 59, 59, 0, 0, 0, 0, 0, 0, 0, 0, 0, 0, 0}, 
  {191, 191, 59, 191, 191, 0, 0, 0, 0, 0, 0, 0, 0, 0, 0}, 
  {191, 191, 191, 191, 191, 191, 180, 59, 0, 0, 0, 0, 0, 0, 0}, 
  {49, 49, 49, 49, 0, 0, 0, 49, 0, 0, 0, 0, 0, 0, 0}, 
  {191, 191, 191, 191, 0, 0, 0, 49, 0, 0, 0, 0, 0, 0, 0}, 
  {59, 0, 0, 59, 0, 0, 0, 49, 0, 0, 0, 0, 0, 0, 0}, 
  {59, 59, 0, 59, 59, 0, 0, 49, 0, 0, 0, 0, 0, 0, 0}
}
  {  {0, 0, 59, 59, 59, 0, 0, 0, 0, 0, 0, 0, 0, 0, 0}, 
  {59, 59, 247, 59, 247, 59, 59, 0, 0, 0, 0, 0, 0, 0, 0}, 
  {59, 59, 59, 59, 59, 59, 0, 0, 0, 0, 0, 0, 0, 0, 0}, 
  {0, 0, 59, 59, 59, 0, 0, 0, 0, 0, 0, 0, 0, 0, 0}, 
  {191, 191, 191, 59, 191, 191, 0, 0, 0, 0, 0, 0, 0, 0, 0}, 
  {191, 191, 191, 191, 191, 191, 180, 59, 0, 0, 0, 0, 0, 0, 0}, 
  {0, 49, 49, 49, 49, 0, 0, 49, 0, 0, 0, 0, 0, 0, 0}, 
  {191, 191, 191, 191, 191, 0, 0, 49, 0, 0, 0, 0, 0, 0, 0}, 
  {59, 59, 0, 0, 59, 0, 0, 49, 0, 0, 0, 0, 0, 0, 0}, 
  {59, 0, 0, 0, 59, 59, 0, 49, 0, 0, 0, 0, 0, 0, 0}
}
  {  {0, 0, 59, 59, 59, 0, 0, 0, 0, 0, 0, 0, 0, 0, 0}, 
  {59, 59, 247, 59, 247, 59, 59, 0, 0, 0, 0, 0, 0, 0, 0}, 
  {59, 59, 59, 59, 59, 59, 0, 0, 0, 0, 0, 0, 0, 0, 0}, 
  {0, 0, 59, 59, 59, 0, 0, 0, 0, 0, 0, 0, 0, 0, 0}, 
  {191, 191, 191, 59, 191, 191, 180, 59, 0, 0, 0, 0, 0, 0, 0}, 
  {191, 191, 191, 191, 191, 0, 0, 49, 0, 0, 0, 0, 0, 0, 0}, 
  {0, 49, 49, 49, 49, 0, 0, 49, 0, 0, 0, 0, 0, 0, 0}, 
  {191, 191, 191, 191, 191, 0, 0, 49, 0, 0, 0, 0, 0, 0, 0}, 
  {59, 59, 0, 0, 59, 0, 0, 49, 0, 0, 0, 0, 0, 0, 0}, 
  {59, 0, 0, 0, 59, 59, 0, 0, 0, 0, 0, 0, 0, 0, 0}
}
  {  {0, 0, 59, 59, 59, 0, 0, 0, 0, 0, 0, 0, 0, 0, 0}, 
  {59, 59, 247, 59, 247, 59, 59, 0, 0, 0, 0, 0, 0, 0, 0}, 
  {59, 59, 59, 59, 59, 59, 0, 0, 0, 0, 0, 0, 0, 0, 0}, 
  {0, 0, 59, 59, 59, 0, 0, 0, 0, 0, 0, 0, 0, 0, 0}, 
  {191, 191, 191, 59, 191, 191, 191, 180, 59, 0, 0, 0, 0, 0, 0}, 
  {191, 191, 191, 191, 191, 0, 0, 0, 49, 0, 0, 0, 0, 0, 0}, 
  {0, 49, 49, 49, 49, 0, 0, 0, 49, 0, 0, 0, 0, 0, 0}, 
  {191, 191, 191, 191, 191, 0, 0, 0, 49, 0, 0, 0, 0, 0, 0}, 
  {59, 59, 0, 0, 59, 0, 0, 0, 49, 0, 0, 0, 0, 0, 0}, 
  {59, 0, 0, 0, 59, 59, 0, 0, 0, 0, 0, 0, 0, 0, 0}
}
  {  {0, 0, 59, 59, 59, 0, 0, 0, 0, 0, 0, 0, 0, 0, 0}, 
  {59, 59, 247, 59, 247, 59, 59, 0, 0, 0, 0, 0, 0, 0, 0}, 
  {59, 59, 59, 59, 59, 59, 0, 0, 0, 0, 0, 0, 0, 0, 0}, 
  {0, 0, 59, 59, 59, 0, 0, 0, 0, 0, 0, 0, 0, 0, 0}, 
  {191, 191, 191, 59, 191, 191, 0, 0, 0, 0, 0, 0, 0, 0, 0}, 
  {191, 191, 191, 191, 191, 191, 191, 180, 59, 0, 0, 0, 0, 0, 0}, 
  {0, 49, 49, 49, 49, 0, 0, 0, 49, 0, 0, 0, 0, 0, 0}, 
  {191, 191, 191, 191, 191, 0, 0, 0, 49, 0, 0, 0, 0, 0, 0}, 
  {0, 59, 0, 0, 59, 0, 0, 0, 49, 0, 0, 0, 0, 0, 0}, 
  {0, 59, 59, 0, 59, 59, 0, 0, 49, 0, 0, 0, 0, 0, 0}
}
  {  {0, 0, 0, 59, 59, 59, 0, 0, 0, 0, 0, 0, 0, 0, 0}, 
  {59, 59, 59, 247, 59, 247, 59, 59, 0, 0, 0, 0, 0, 0, 0}, 
  {0, 59, 59, 59, 59, 59, 59, 0, 0, 0, 0, 0, 0, 0, 0}, 
  {0, 0, 0, 59, 59, 59, 0, 0, 0, 0, 0, 0, 0, 0, 0}, 
  {0, 191, 191, 191, 59, 191, 191, 0, 0, 0, 0, 0, 0, 0, 0}, 
  {191, 191, 191, 191, 191, 191, 191, 180, 59, 0, 0, 0, 0, 0, 0}, 
  {191, 0, 49, 49, 49, 49, 0, 0, 49, 0, 0, 0, 0, 0, 0}, 
  {0, 191, 191, 191, 191, 191, 0, 0, 49, 0, 0, 0, 0, 0, 0}, 
  {0, 0, 59, 0, 59, 59, 0, 0, 49, 0, 0, 0, 0, 0, 0}, 
  {0, 0, 59, 59, 59, 0, 0, 0, 49, 0, 0, 0, 0, 0, 0}
}
  {  {0, 0, 0, 59, 59, 59, 0, 0, 0, 0, 0, 0, 0, 0, 0}, 
  {59, 59, 59, 247, 59, 247, 59, 59, 0, 0, 0, 0, 0, 0, 0}, 
  {0, 59, 59, 59, 59, 59, 59, 0, 0, 0, 0, 0, 0, 0, 0}, 
  {0, 0, 0, 59, 59, 59, 0, 0, 0, 0, 0, 0, 0, 0, 0}, 
  {0, 191, 191, 191, 59, 191, 191, 180, 59, 0, 0, 0, 0, 0, 0}, 
  {191, 191, 191, 191, 191, 191, 0, 0, 49, 0, 0, 0, 0, 0, 0}, 
  {191, 0, 49, 49, 49, 49, 0, 0, 49, 0, 0, 0, 0, 0, 0}, 
  {0, 191, 191, 191, 191, 191, 0, 0, 49, 0, 0, 0, 0, 0, 0}, 
  {0, 0, 59, 0, 59, 59, 0, 0, 49, 0, 0, 0, 0, 0, 0}, 
  {0, 0, 59, 59, 59, 0, 0, 0, 0, 0, 0, 0, 0, 0, 0}
}
  {  {0, 0, 0, 59, 59, 59, 0, 0, 0, 0, 0, 0, 0, 0, 0}, 
  {59, 59, 59, 247, 59, 247, 59, 59, 0, 0, 0, 0, 0, 0, 0}, 
  {0, 59, 59, 59, 59, 59, 59, 0, 0, 0, 0, 0, 0, 0, 0}, 
  {0, 0, 0, 59, 59, 59, 0, 0, 0, 0, 0, 0, 0, 0, 0}, 
  {0, 191, 191, 191, 59, 191, 191, 191, 180, 59, 0, 0, 0, 0, 0}, 
  {191, 191, 191, 191, 191, 191, 0, 0, 0, 49, 0, 0, 0, 0, 0}, 
  {191, 0, 49, 49, 49, 49, 0, 0, 0, 49, 0, 0, 0, 0, 0}, 
  {0, 191, 191, 191, 191, 191, 0, 0, 0, 49, 0, 0, 0, 0, 0}, 
  {0, 0, 59, 0, 59, 59, 0, 0, 0, 49, 0, 0, 0, 0, 0}, 
  {0, 0, 59, 59, 59, 0, 0, 0, 0, 0, 0, 0, 0, 0, 0}
}
  {  {0, 0, 0, 59, 59, 59, 0, 0, 0, 0, 0, 0, 0, 0, 0}, 
  {59, 59, 59, 247, 59, 247, 59, 59, 0, 0, 0, 0, 0, 0, 0}, 
  {0, 59, 59, 59, 59, 59, 59, 0, 0, 0, 0, 0, 0, 0, 0}, 
  {0, 0, 0, 59, 59, 59, 0, 0, 0, 0, 0, 0, 0, 0, 0}, 
  {0, 191, 191, 191, 59, 191, 191, 0, 0, 0, 0, 0, 0, 0, 0}, 
  {191, 191, 191, 191, 191, 191, 191, 191, 180, 59, 0, 0, 0, 0, 0}, 
  {191, 0, 49, 49, 49, 49, 0, 0, 0, 49, 0, 0, 0, 0, 0}, 
  {0, 191, 191, 191, 191, 191, 0, 0, 0, 49, 0, 0, 0, 0, 0}, 
  {0, 0, 59, 0, 59, 59, 0, 0, 0, 49, 0, 0, 0, 0, 0}, 
  {0, 0, 59, 59, 59, 0, 0, 0, 0, 49, 0, 0, 0, 0, 0}
}
  {  {0, 0, 0, 0, 59, 59, 59, 0, 0, 0, 0, 0, 0, 0, 0}, 
  {0, 59, 59, 59, 247, 59, 247, 59, 59, 0, 0, 0, 0, 0, 0}, 
  {0, 0, 59, 59, 59, 59, 59, 59, 0, 0, 0, 0, 0, 0, 0}, 
  {0, 0, 0, 0, 59, 59, 59, 0, 0, 0, 0, 0, 0, 0, 0}, 
  {0, 0, 191, 191, 191, 59, 191, 191, 0, 0, 0, 0, 0, 0, 0}, 
  {0, 191, 191, 191, 191, 191, 191, 191, 180, 59, 0, 0, 0, 0, 0}, 
  {191, 191, 0, 49, 49, 49, 49, 0, 0, 49, 0, 0, 0, 0, 0}, 
  {59, 0, 191, 191, 191, 191, 191, 0, 0, 49, 0, 0, 0, 0, 0}, 
  {0, 0, 0, 59, 0, 0, 59, 0, 0, 49, 0, 0, 0, 0, 0}, 
  {0, 0, 0, 59, 59, 0, 59, 59, 0, 49, 0, 0, 0, 0, 0}
}
  {  {0, 0, 0, 0, 59, 59, 59, 0, 0, 0, 0, 0, 0, 0, 0}, 
  {0, 59, 59, 59, 247, 59, 247, 59, 59, 0, 0, 0, 0, 0, 0}, 
  {0, 0, 59, 59, 59, 59, 59, 59, 0, 0, 0, 0, 0, 0, 0}, 
  {0, 0, 0, 0, 59, 59, 59, 0, 0, 0, 0, 0, 0, 0, 0}, 
  {0, 0, 191, 191, 191, 59, 191, 191, 180, 59, 0, 0, 0, 0, 0}, 
  {0, 191, 191, 191, 191, 191, 191, 0, 0, 49, 0, 0, 0, 0, 0}, 
  {191, 191, 0, 49, 49, 49, 49, 0, 0, 49, 0, 0, 0, 0, 0}, 
  {59, 0, 191, 191, 191, 191, 191, 0, 0, 49, 0, 0, 0, 0, 0}, 
  {0, 0, 59, 59, 0, 0, 59, 0, 0, 49, 0, 0, 0, 0, 0}, 
  {0, 0, 59, 0, 0, 0, 59, 59, 0, 0, 0, 0, 0, 0, 0}
}
  {  {0, 0, 0, 0, 59, 59, 59, 0, 0, 0, 0, 0, 0, 0, 0}, 
  {0, 59, 59, 59, 247, 59, 247, 59, 59, 0, 0, 0, 0, 0, 0}, 
  {0, 0, 59, 59, 59, 59, 59, 59, 0, 0, 0, 0, 0, 0, 0}, 
  {0, 0, 0, 0, 59, 59, 59, 0, 0, 0, 0, 0, 0, 0, 0}, 
  {0, 0, 191, 191, 191, 59, 191, 191, 191, 180, 59, 0, 0, 0, 0}, 
  {0, 191, 191, 191, 191, 191, 191, 0, 0, 0, 49, 0, 0, 0, 0}, 
  {191, 191, 0, 49, 49, 49, 49, 0, 0, 0, 49, 0, 0, 0, 0}, 
  {59, 0, 191, 191, 191, 191, 191, 0, 0, 0, 49, 0, 0, 0, 0}, 
  {0, 0, 59, 59, 0, 0, 59, 0, 0, 0, 49, 0, 0, 0, 0}, 
  {0, 0, 59, 0, 0, 0, 59, 59, 0, 0, 0, 0, 0, 0, 0}
}
  {  {0, 0, 0, 0, 59, 59, 59, 0, 0, 0, 0, 0, 0, 0, 0}, 
  {0, 59, 59, 59, 247, 59, 247, 59, 59, 0, 0, 0, 0, 0, 0}, 
  {0, 0, 59, 59, 59, 59, 59, 59, 0, 0, 0, 0, 0, 0, 0}, 
  {0, 0, 0, 0, 59, 59, 59, 0, 0, 0, 0, 0, 0, 0, 0}, 
  {0, 0, 191, 191, 191, 59, 191, 191, 0, 0, 0, 0, 0, 0, 0}, 
  {0, 191, 191, 191, 191, 191, 191, 191, 191, 180, 59, 0, 0, 0, 0}, 
  {191, 191, 0, 49, 49, 49, 49, 0, 0, 0, 49, 0, 0, 0, 0}, 
  {59, 0, 191, 191, 191, 191, 191, 0, 0, 0, 49, 0, 0, 0, 0}, 
  {0, 0, 59, 59, 0, 0, 59, 0, 0, 0, 49, 0, 0, 0, 0}, 
  {0, 0, 59, 0, 0, 0, 59, 59, 0, 0, 49, 0, 0, 0, 0}
}
  {  {0, 0, 0, 0, 0, 59, 59, 59, 0, 0, 0, 0, 0, 0, 0}, 
  {0, 0, 59, 59, 59, 247, 59, 247, 59, 59, 0, 0, 0, 0, 0}, 
  {0, 0, 0, 59, 59, 59, 59, 59, 59, 0, 0, 0, 0, 0, 0}, 
  {0, 0, 0, 0, 0, 59, 59, 59, 0, 0, 0, 0, 0, 0, 0}, 
  {0, 0, 0, 191, 191, 191, 59, 191, 191, 0, 0, 0, 0, 0, 0}, 
  {0, 0, 191, 191, 191, 191, 191, 191, 191, 180, 59, 0, 0, 0, 0}, 
  {0, 191, 191, 0, 49, 49, 49, 49, 0, 0, 49, 0, 0, 0, 0}, 
  {0, 59, 0, 191, 191, 191, 191, 191, 0, 0, 49, 0, 0, 0, 0}, 
  {0, 0, 0, 0, 59, 0, 0, 59, 0, 0, 49, 0, 0, 0, 0}, 
  {0, 0, 0, 0, 59, 59, 0, 59, 59, 0, 49, 0, 0, 0, 0}
}
  {  {0, 0, 0, 0, 0, 59, 59, 59, 0, 0, 0, 0, 0, 0, 0}, 
  {0, 0, 59, 59, 59, 247, 59, 247, 59, 59, 0, 0, 0, 0, 0}, 
  {0, 0, 0, 59, 59, 59, 59, 59, 59, 0, 0, 0, 0, 0, 0}, 
  {0, 0, 0, 0, 0, 59, 59, 59, 0, 0, 0, 0, 0, 0, 0}, 
  {0, 0, 0, 191, 191, 191, 59, 191, 191, 180, 59, 0, 0, 0, 0}, 
  {0, 0, 191, 191, 191, 191, 191, 191, 0, 0, 49, 0, 0, 0, 0}, 
  {0, 191, 191, 0, 49, 49, 49, 49, 0, 0, 49, 0, 0, 0, 0}, 
  {0, 59, 0, 191, 191, 191, 191, 191, 0, 0, 49, 0, 0, 0, 0}, 
  {0, 0, 0, 0, 59, 0, 59, 59, 0, 0, 49, 0, 0, 0, 0}, 
  {0, 0, 0, 0, 59, 59, 59, 0, 0, 0, 0, 0, 0, 0, 0}
}
  {  {0, 0, 0, 0, 0, 59, 59, 59, 0, 0, 0, 0, 0, 0, 0}, 
  {0, 0, 59, 59, 59, 247, 59, 247, 59, 59, 0, 0, 0, 0, 0}, 
  {0, 0, 0, 59, 59, 59, 59, 59, 59, 0, 0, 0, 0, 0, 0}, 
  {0, 0, 0, 0, 0, 59, 59, 59, 0, 0, 0, 0, 0, 0, 0}, 
  {0, 0, 0, 191, 191, 191, 59, 191, 191, 191, 180, 59, 0, 0, 0}, 
  {0, 0, 191, 191, 191, 191, 191, 191, 0, 0, 0, 49, 0, 0, 0}, 
  {0, 191, 191, 0, 49, 49, 49, 49, 0, 0, 0, 49, 0, 0, 0}, 
  {0, 59, 0, 191, 191, 191, 191, 191, 0, 0, 0, 49, 0, 0, 0}, 
  {0, 0, 0, 0, 59, 0, 59, 59, 0, 0, 0, 49, 0, 0, 0}, 
  {0, 0, 0, 0, 59, 59, 59, 0, 0, 0, 0, 0, 0, 0, 0}
}
  {  {0, 0, 0, 0, 0, 59, 59, 59, 0, 0, 0, 0, 0, 0, 0}, 
  {0, 0, 59, 59, 59, 247, 59, 247, 59, 59, 0, 0, 0, 0, 0}, 
  {0, 0, 0, 59, 59, 59, 59, 59, 59, 0, 0, 0, 0, 0, 0}, 
  {0, 0, 0, 0, 0, 59, 59, 59, 0, 0, 0, 0, 0, 0, 0}, 
  {0, 0, 0, 191, 191, 191, 59, 191, 191, 0, 0, 0, 0, 0, 0}, 
  {0, 0, 191, 191, 191, 191, 191, 191, 191, 191, 180, 59, 0, 0, 0}, 
  {0, 191, 191, 0, 49, 49, 49, 49, 0, 0, 0, 49, 0, 0, 0}, 
  {0, 59, 0, 191, 191, 191, 191, 191, 0, 0, 0, 49, 0, 0, 0}, 
  {0, 0, 0, 0, 59, 0, 59, 59, 0, 0, 0, 49, 0, 0, 0}, 
  {0, 0, 0, 0, 59, 59, 59, 0, 0, 0, 0, 49, 0, 0, 0}
}
  {  {0, 0, 0, 0, 0, 0, 59, 59, 59, 0, 0, 0, 0, 0, 0}, 
  {0, 0, 0, 59, 59, 59, 247, 59, 247, 59, 59, 0, 0, 0, 0}, 
  {0, 0, 0, 0, 59, 59, 59, 59, 59, 59, 0, 0, 0, 0, 0}, 
  {0, 0, 0, 0, 0, 0, 59, 59, 59, 0, 0, 0, 0, 0, 0}, 
  {0, 0, 0, 0, 191, 191, 191, 59, 191, 191, 0, 0, 0, 0, 0}, 
  {0, 0, 0, 191, 191, 191, 191, 191, 191, 191, 180, 59, 0, 0, 0}, 
  {0, 0, 191, 191, 0, 49, 49, 49, 49, 0, 0, 49, 0, 0, 0}, 
  {0, 0, 59, 0, 191, 191, 191, 191, 191, 0, 0, 49, 0, 0, 0}, 
  {0, 0, 0, 0, 0, 59, 0, 59, 59, 0, 0, 49, 0, 0, 0}, 
  {0, 0, 0, 0, 0, 59, 59, 59, 0, 0, 0, 49, 0, 0, 0}
}
  {  {0, 0, 0, 0, 0, 0, 59, 59, 59, 0, 0, 0, 0, 0, 0}, 
  {0, 0, 0, 59, 59, 59, 247, 59, 247, 59, 59, 0, 0, 0, 0}, 
  {0, 0, 0, 0, 59, 59, 59, 59, 59, 59, 0, 0, 0, 0, 0}, 
  {0, 0, 0, 0, 0, 0, 59, 59, 59, 0, 0, 0, 0, 0, 0}, 
  {0, 0, 0, 0, 191, 191, 191, 59, 191, 191, 180, 59, 0, 0, 0}, 
  {0, 0, 0, 191, 191, 191, 191, 191, 191, 0, 0, 49, 0, 0, 0}, 
  {0, 0, 191, 191, 0, 49, 49, 49, 49, 0, 0, 49, 0, 0, 0}, 
  {0, 0, 59, 0, 191, 191, 191, 191, 191, 0, 0, 49, 0, 0, 0}, 
  {0, 0, 0, 0, 0, 59, 0, 0, 59, 0, 0, 49, 0, 0, 0}, 
  {0, 0, 0, 0, 0, 59, 59, 0, 59, 59, 0, 0, 0, 0, 0}
}
  {  {0, 0, 0, 0, 0, 0, 59, 59, 59, 0, 0, 0, 0, 0, 0}, 
  {0, 0, 0, 59, 59, 59, 247, 59, 247, 59, 59, 0, 0, 0, 0}, 
  {0, 0, 0, 0, 59, 59, 59, 59, 59, 59, 0, 0, 0, 0, 0}, 
  {0, 0, 0, 0, 0, 0, 59, 59, 59, 0, 0, 0, 0, 0, 0}, 
  {0, 0, 0, 0, 191, 191, 191, 59, 191, 191, 191, 180, 59, 0, 0}, 
  {0, 0, 0, 191, 191, 191, 191, 191, 191, 0, 0, 0, 49, 0, 0}, 
  {0, 0, 191, 191, 0, 49, 49, 49, 49, 0, 0, 0, 49, 0, 0}, 
  {0, 0, 59, 0, 191, 191, 191, 191, 191, 0, 0, 0, 49, 0, 0}, 
  {0, 0, 0, 0, 59, 59, 0, 0, 59, 0, 0, 0, 49, 0, 0}, 
  {0, 0, 0, 0, 59, 0, 0, 0, 59, 59, 0, 0, 0, 0, 0}
}
  {  {0, 0, 0, 0, 0, 0, 59, 59, 59, 0, 0, 0, 0, 0, 0}, 
  {0, 0, 0, 59, 59, 59, 247, 59, 247, 59, 59, 0, 0, 0, 0}, 
  {0, 0, 0, 0, 59, 59, 59, 59, 59, 59, 0, 0, 0, 0, 0}, 
  {0, 0, 0, 0, 0, 0, 59, 59, 59, 0, 0, 0, 0, 0, 0}, 
  {0, 0, 0, 0, 191, 191, 191, 59, 191, 191, 0, 0, 0, 0, 0}, 
  {0, 0, 0, 191, 191, 191, 191, 191, 191, 191, 191, 180, 59, 0, 0}, 
  {0, 0, 191, 191, 0, 49, 49, 49, 49, 0, 0, 0, 49, 0, 0}, 
  {0, 0, 59, 0, 191, 191, 191, 191, 191, 0, 0, 0, 49, 0, 0}, 
  {0, 0, 0, 0, 59, 59, 0, 0, 59, 0, 0, 0, 49, 0, 0}, 
  {0, 0, 0, 0, 59, 0, 0, 0, 59, 59, 0, 0, 49, 0, 0}
}
  {  {0, 0, 0, 0, 0, 0, 0, 59, 59, 59, 0, 0, 0, 0, 0}, 
  {0, 0, 0, 0, 59, 59, 59, 247, 59, 247, 59, 59, 0, 0, 0}, 
  {0, 0, 0, 0, 0, 59, 59, 59, 59, 59, 59, 0, 0, 0, 0}, 
  {0, 0, 0, 0, 0, 0, 0, 59, 59, 59, 0, 0, 0, 0, 0}, 
  {0, 0, 0, 0, 0, 191, 191, 191, 59, 191, 191, 0, 0, 0, 0}, 
  {0, 0, 0, 0, 191, 191, 191, 191, 191, 191, 191, 180, 59, 0, 0}, 
  {0, 0, 0, 191, 191, 0, 49, 49, 49, 49, 0, 0, 49, 0, 0}, 
  {0, 0, 0, 59, 0, 191, 191, 191, 191, 191, 0, 0, 49, 0, 0}, 
  {0, 0, 0, 0, 0, 59, 59, 0, 0, 59, 0, 0, 49, 0, 0}, 
  {0, 0, 0, 0, 0, 59, 0, 0, 0, 59, 59, 0, 49, 0, 0}
}
  {  {0, 0, 0, 0, 0, 0, 0, 59, 59, 59, 0, 0, 0, 0, 0}, 
  {0, 0, 0, 0, 59, 59, 59, 247, 59, 247, 59, 59, 0, 0, 0}, 
  {0, 0, 0, 0, 0, 59, 59, 59, 59, 59, 59, 0, 0, 0, 0}, 
  {0, 0, 0, 0, 0, 0, 0, 59, 59, 59, 0, 0, 0, 0, 0}, 
  {0, 0, 0, 0, 0, 191, 191, 191, 59, 191, 191, 180, 59, 0, 0}, 
  {0, 0, 0, 0, 191, 191, 191, 191, 191, 191, 0, 0, 49, 0, 0}, 
  {0, 0, 0, 191, 191, 0, 49, 49, 49, 49, 0, 0, 49, 0, 0}, 
  {0, 0, 0, 59, 0, 191, 191, 191, 191, 191, 0, 0, 49, 0, 0}, 
  {0, 0, 0, 0, 0, 0, 59, 0, 0, 59, 0, 0, 49, 0, 0}, 
  {0, 0, 0, 0, 0, 0, 59, 59, 0, 59, 59, 0, 0, 0, 0}
}
  {  {0, 0, 0, 0, 0, 0, 0, 59, 59, 59, 0, 0, 0, 0, 0}, 
  {0, 0, 0, 0, 59, 59, 59, 247, 59, 247, 59, 59, 0, 0, 0}, 
  {0, 0, 0, 0, 0, 59, 59, 59, 59, 59, 59, 0, 0, 0, 0}, 
  {0, 0, 0, 0, 0, 0, 0, 59, 59, 59, 0, 0, 0, 0, 0}, 
  {0, 0, 0, 0, 0, 191, 191, 191, 59, 191, 191, 191, 180, 59, 0}, 
  {0, 0, 0, 0, 191, 191, 191, 191, 191, 191, 0, 0, 0, 49, 0}, 
  {0, 0, 0, 191, 191, 0, 49, 49, 49, 49, 0, 0, 0, 49, 0}, 
  {0, 0, 0, 59, 0, 191, 191, 191, 191, 191, 0, 0, 0, 49, 0}, 
  {0, 0, 0, 0, 0, 0, 59, 0, 59, 59, 0, 0, 0, 49, 0}, 
  {0, 0, 0, 0, 0, 0, 59, 59, 59, 0, 0, 0, 0, 0, 0}
}
  {  {0, 0, 0, 0, 0, 0, 0, 59, 59, 59, 0, 0, 0, 0, 0}, 
  {0, 0, 0, 0, 59, 59, 59, 247, 59, 247, 59, 59, 0, 0, 0}, 
  {0, 0, 0, 0, 0, 59, 59, 59, 59, 59, 59, 0, 0, 0, 0}, 
  {0, 0, 0, 0, 0, 0, 0, 59, 59, 59, 0, 0, 0, 0, 0}, 
  {0, 0, 0, 0, 0, 191, 191, 191, 59, 191, 191, 0, 0, 0, 0}, 
  {0, 0, 0, 0, 191, 191, 191, 191, 191, 191, 191, 191, 180, 59, 0}, 
  {0, 0, 0, 191, 191, 0, 49, 49, 49, 49, 0, 0, 0, 49, 0}, 
  {0, 0, 0, 59, 0, 191, 191, 191, 191, 191, 0, 0, 0, 49, 0}, 
  {0, 0, 0, 0, 0, 0, 59, 0, 59, 59, 0, 0, 0, 49, 0}, 
  {0, 0, 0, 0, 0, 0, 59, 59, 59, 0, 0, 0, 0, 49, 0}
}
  {  {0, 0, 0, 0, 0, 0, 0, 0, 59, 59, 59, 0, 0, 0, 0}, 
  {0, 0, 0, 0, 0, 59, 59, 59, 247, 59, 247, 59, 59, 0, 0}, 
  {0, 0, 0, 0, 0, 0, 59, 59, 59, 59, 59, 59, 0, 0, 0}, 
  {0, 0, 0, 0, 0, 0, 0, 0, 59, 59, 59, 0, 0, 0, 0}, 
  {0, 0, 0, 0, 0, 0, 191, 191, 191, 59, 191, 191, 0, 0, 0}, 
  {0, 0, 0, 0, 0, 191, 191, 191, 191, 191, 191, 191, 180, 59, 0}, 
  {0, 0, 0, 0, 191, 191, 0, 49, 49, 49, 49, 0, 0, 49, 0}, 
  {0, 0, 0, 0, 59, 0, 191, 191, 191, 191, 191, 0, 0, 49, 0}, 
  {0, 0, 0, 0, 0, 0, 0, 59, 0, 59, 59, 0, 0, 49, 0}, 
  {0, 0, 0, 0, 0, 0, 0, 59, 59, 59, 0, 0, 0, 49, 0}
}
  {  {0, 0, 0, 0, 0, 0, 0, 0, 59, 59, 59, 0, 0, 0, 0}, 
  {0, 0, 0, 0, 0, 59, 59, 59, 247, 59, 247, 59, 59, 0, 0}, 
  {0, 0, 0, 0, 0, 0, 59, 59, 59, 59, 59, 59, 0, 0, 0}, 
  {0, 0, 0, 0, 0, 0, 0, 0, 59, 59, 59, 0, 0, 0, 0}, 
  {0, 0, 0, 0, 0, 0, 191, 191, 191, 59, 191, 191, 180, 59, 0}, 
  {0, 0, 0, 0, 0, 191, 191, 191, 191, 191, 191, 0, 0, 49, 0}, 
  {0, 0, 0, 0, 191, 191, 0, 49, 49, 49, 49, 0, 0, 49, 0}, 
  {0, 0, 0, 0, 59, 0, 191, 191, 191, 191, 191, 0, 0, 49, 0}, 
  {0, 0, 0, 0, 0, 0, 0, 59, 0, 59, 59, 0, 0, 49, 0}, 
  {0, 0, 0, 0, 0, 0, 0, 59, 59, 59, 0, 0, 0, 0, 0}
}
  {  {0, 0, 0, 0, 0, 0, 0, 0, 59, 59, 59, 0, 0, 0, 0}, 
  {0, 0, 0, 0, 0, 59, 59, 59, 247, 59, 247, 59, 59, 0, 0}, 
  {0, 0, 0, 0, 0, 0, 59, 59, 59, 59, 59, 59, 0, 0, 0}, 
  {0, 0, 0, 0, 0, 0, 0, 0, 59, 59, 59, 0, 0, 0, 0}, 
  {0, 0, 0, 0, 0, 0, 191, 191, 191, 59, 191, 191, 191, 180, 59}, 
  {0, 0, 0, 0, 0, 191, 191, 191, 191, 191, 191, 0, 0, 0, 49}, 
  {0, 0, 0, 0, 191, 191, 0, 49, 49, 49, 49, 0, 0, 0, 49}, 
  {0, 0, 0, 0, 59, 0, 191, 191, 191, 191, 191, 0, 0, 0, 49}, 
  {0, 0, 0, 0, 0, 0, 0, 59, 0, 0, 59, 0, 0, 0, 49}, 
  {0, 0, 0, 0, 0, 0, 0, 59, 59, 0, 59, 59, 0, 0, 0}
}
  {  {0, 0, 0, 0, 0, 0, 0, 0, 59, 59, 59, 0, 0, 0, 0}, 
  {0, 0, 0, 0, 0, 59, 59, 59, 247, 59, 247, 59, 59, 0, 0}, 
  {0, 0, 0, 0, 0, 0, 59, 59, 59, 59, 59, 59, 0, 0, 0}, 
  {0, 0, 0, 0, 0, 0, 0, 0, 59, 59, 59, 0, 0, 0, 0}, 
  {0, 0, 0, 0, 0, 0, 191, 191, 191, 59, 191, 191, 0, 0, 0}, 
  {0, 0, 0, 0, 0, 191, 191, 191, 191, 191, 191, 191, 191, 180, 59}, 
  {0, 0, 0, 0, 191, 191, 0, 49, 49, 49, 49, 0, 0, 0, 49}, 
  {0, 0, 0, 0, 59, 0, 191, 191, 191, 191, 191, 0, 0, 0, 49}, 
  {0, 0, 0, 0, 0, 0, 59, 59, 0, 0, 59, 0, 0, 0, 49}, 
  {0, 0, 0, 0, 0, 0, 59, 0, 0, 0, 59, 59, 0, 0, 49}
}
  {  {0, 0, 0, 0, 0, 0, 0, 0, 0, 59, 59, 59, 0, 0, 0}, 
  {0, 0, 0, 0, 0, 0, 59, 59, 59, 247, 59, 247, 59, 59, 0}, 
  {0, 0, 0, 0, 0, 0, 0, 59, 59, 59, 59, 59, 59, 0, 0}, 
  {0, 0, 0, 0, 0, 0, 0, 0, 0, 59, 59, 59, 0, 0, 0}, 
  {0, 0, 0, 0, 0, 0, 0, 191, 191, 191, 59, 191, 191, 0, 0}, 
  {0, 0, 0, 0, 0, 0, 191, 191, 191, 191, 191, 191, 191, 180, 59}, 
  {0, 0, 0, 0, 0, 191, 191, 0, 49, 49, 49, 49, 0, 0, 49}, 
  {0, 0, 0, 0, 0, 59, 0, 191, 191, 191, 191, 191, 0, 0, 49}, 
  {0, 0, 0, 0, 0, 0, 0, 59, 59, 0, 0, 59, 0, 0, 49}, 
  {0, 0, 0, 0, 0, 0, 0, 59, 0, 0, 0, 59, 59, 0, 49}
}
  {  {0, 0, 0, 0, 0, 0, 0, 0, 0, 59, 59, 59, 0, 0, 0}, 
  {0, 0, 0, 0, 0, 0, 59, 59, 59, 247, 59, 247, 59, 59, 0}, 
  {0, 0, 0, 0, 0, 0, 0, 59, 59, 59, 59, 59, 59, 0, 0}, 
  {0, 0, 0, 0, 0, 0, 0, 0, 0, 59, 59, 59, 0, 0, 0}, 
  {0, 0, 0, 0, 0, 0, 0, 191, 191, 191, 59, 191, 191, 180, 59}, 
  {0, 0, 0, 0, 0, 0, 191, 191, 191, 191, 191, 191, 0, 0, 49}, 
  {0, 0, 0, 0, 0, 191, 191, 0, 49, 49, 49, 49, 0, 0, 49}, 
  {0, 0, 0, 0, 0, 59, 0, 191, 191, 191, 191, 191, 0, 0, 49}, 
  {0, 0, 0, 0, 0, 0, 0, 59, 59, 0, 0, 59, 0, 0, 49}, 
  {0, 0, 0, 0, 0, 0, 0, 59, 0, 0, 0, 59, 59, 0, 0}
}
  {  {0, 0, 0, 0, 0, 0, 0, 0, 0, 59, 59, 59, 0, 0, 0}, 
  {0, 0, 0, 0, 0, 0, 59, 59, 59, 247, 59, 247, 59, 59, 0}, 
  {0, 0, 0, 0, 0, 0, 0, 59, 59, 59, 59, 59, 59, 0, 0}, 
  {0, 0, 0, 0, 0, 0, 0, 0, 0, 59, 59, 59, 0, 0, 0}, 
  {0, 0, 0, 0, 0, 0, 0, 191, 191, 191, 59, 191, 191, 191, 180}, 
  {0, 0, 0, 0, 0, 0, 191, 191, 191, 191, 191, 191, 0, 0, 0}, 
  {0, 0, 0, 0, 0, 191, 191, 0, 49, 49, 49, 49, 0, 0, 0}, 
  {0, 0, 0, 0, 0, 59, 0, 191, 191, 191, 191, 191, 0, 0, 0}, 
  {0, 0, 0, 0, 0, 0, 0, 0, 59, 0, 0, 59, 0, 0, 0}, 
  {0, 0, 0, 0, 0, 0, 0, 0, 59, 59, 0, 59, 59, 0, 0}
}
  {  {0, 0, 0, 0, 0, 0, 0, 0, 0, 59, 59, 59, 0, 0, 0}, 
  {0, 0, 0, 0, 0, 0, 59, 59, 59, 247, 59, 247, 59, 59, 0}, 
  {0, 0, 0, 0, 0, 0, 0, 59, 59, 59, 59, 59, 59, 0, 0}, 
  {0, 0, 0, 0, 0, 0, 0, 0, 0, 59, 59, 59, 0, 0, 0}, 
  {0, 0, 0, 0, 0, 0, 0, 191, 191, 191, 59, 191, 191, 0, 0}, 
  {0, 0, 0, 0, 0, 0, 191, 191, 191, 191, 191, 191, 191, 191, 180}, 
  {0, 0, 0, 0, 0, 191, 191, 0, 49, 49, 49, 49, 0, 0, 0}, 
  {0, 0, 0, 0, 0, 59, 0, 191, 191, 191, 191, 191, 0, 0, 0}, 
  {0, 0, 0, 0, 0, 0, 0, 0, 59, 0, 59, 59, 0, 0, 0}, 
  {0, 0, 0, 0, 0, 0, 0, 0, 59, 59, 59, 0, 0, 0, 0}
}
  {  {0, 0, 0, 0, 0, 0, 0, 0, 0, 0, 59, 59, 59, 0, 0}, 
  {0, 0, 0, 0, 0, 0, 0, 59, 59, 59, 247, 59, 247, 59, 59}, 
  {0, 0, 0, 0, 0, 0, 0, 0, 59, 59, 59, 59, 59, 59, 0}, 
  {0, 0, 0, 0, 0, 0, 0, 0, 0, 0, 59, 59, 59, 0, 0}, 
  {0, 0, 0, 0, 0, 0, 0, 0, 191, 191, 191, 59, 191, 191, 0}, 
  {0, 0, 0, 0, 0, 0, 0, 191, 191, 191, 191, 191, 191, 191, 180}, 
  {0, 0, 0, 0, 0, 0, 191, 191, 0, 49, 49, 49, 49, 0, 0}, 
  {0, 0, 0, 0, 0, 0, 59, 0, 191, 191, 191, 191, 191, 0, 0}, 
  {0, 0, 0, 0, 0, 0, 0, 0, 0, 59, 0, 59, 59, 0, 0}, 
  {0, 0, 0, 0, 0, 0, 0, 0, 0, 59, 59, 59, 0, 0, 0}
}
  {  {0, 0, 0, 0, 0, 0, 0, 0, 0, 0, 59, 59, 59, 0, 0}, 
  {0, 0, 0, 0, 0, 0, 0, 59, 59, 59, 247, 59, 247, 59, 59}, 
  {0, 0, 0, 0, 0, 0, 0, 0, 59, 59, 59, 59, 59, 59, 0}, 
  {0, 0, 0, 0, 0, 0, 0, 0, 0, 0, 59, 59, 59, 0, 0}, 
  {0, 0, 0, 0, 0, 0, 0, 0, 191, 191, 191, 59, 191, 191, 180}, 
  {0, 0, 0, 0, 0, 0, 0, 191, 191, 191, 191, 191, 191, 0, 0}, 
  {0, 0, 0, 0, 0, 0, 191, 191, 0, 49, 49, 49, 49, 0, 0}, 
  {0, 0, 0, 0, 0, 0, 59, 0, 191, 191, 191, 191, 191, 0, 0}, 
  {0, 0, 0, 0, 0, 0, 0, 0, 0, 59, 0, 59, 59, 0, 0}, 
  {0, 0, 0, 0, 0, 0, 0, 0, 0, 59, 59, 59, 0, 0, 0}
}
  {  {0, 0, 0, 0, 0, 0, 0, 0, 0, 0, 59, 59, 59, 0, 0}, 
  {0, 0, 0, 0, 0, 0, 0, 59, 59, 59, 247, 59, 247, 59, 59}, 
  {0, 0, 0, 0, 0, 0, 0, 0, 59, 59, 59, 59, 59, 59, 0}, 
  {0, 0, 0, 0, 0, 0, 0, 0, 0, 0, 59, 59, 59, 0, 0}, 
  {0, 0, 0, 0, 0, 0, 0, 0, 191, 191, 191, 59, 191, 191, 191}, 
  {0, 0, 0, 0, 0, 0, 0, 191, 191, 191, 191, 191, 191, 0, 0}, 
  {0, 0, 0, 0, 0, 0, 191, 191, 0, 49, 49, 49, 49, 0, 0}, 
  {0, 0, 0, 0, 0, 0, 59, 0, 191, 191, 191, 191, 191, 0, 0}, 
  {0, 0, 0, 0, 0, 0, 0, 0, 0, 59, 0, 59, 59, 0, 0}, 
  {0, 0, 0, 0, 0, 0, 0, 0, 0, 59, 59, 59, 0, 0, 0}
}
  {  {0, 0, 0, 0, 0, 0, 0, 0, 0, 0, 59, 59, 59, 0, 0}, 
  {0, 0, 0, 0, 0, 0, 0, 59, 59, 59, 247, 59, 247, 59, 59}, 
  {0, 0, 0, 0, 0, 0, 0, 0, 59, 59, 59, 59, 59, 59, 0}, 
  {0, 0, 0, 0, 0, 0, 0, 0, 0, 0, 59, 59, 59, 0, 0}, 
  {0, 0, 0, 0, 0, 0, 0, 0, 191, 191, 191, 59, 191, 191, 0}, 
  {0, 0, 0, 0, 0, 0, 0, 191, 191, 191, 191, 191, 191, 191, 191}, 
  {0, 0, 0, 0, 0, 0, 191, 191, 0, 49, 49, 49, 49, 0, 0}, 
  {0, 0, 0, 0, 0, 0, 59, 0, 191, 191, 191, 191, 191, 0, 0}, 
  {0, 0, 0, 0, 0, 0, 0, 0, 0, 59, 0, 0, 59, 0, 0}, 
  {0, 0, 0, 0, 0, 0, 0, 0, 0, 59, 59, 0, 59, 59, 0}
}
  {  {0, 0, 0, 0, 0, 0, 0, 0, 0, 0, 0, 59, 59, 59, 0}, 
  {0, 0, 0, 0, 0, 0, 0, 0, 59, 59, 59, 247, 59, 247, 59}, 
  {0, 0, 0, 0, 0, 0, 0, 0, 0, 59, 59, 59, 59, 59, 59}, 
  {0, 0, 0, 0, 0, 0, 0, 0, 0, 0, 0, 59, 59, 59, 0}, 
  {0, 0, 0, 0, 0, 0, 0, 0, 0, 191, 191, 191, 59, 191, 191}, 
  {0, 0, 0, 0, 0, 0, 0, 0, 191, 191, 191, 191, 191, 191, 191}, 
  {0, 0, 0, 0, 0, 0, 0, 191, 191, 0, 49, 49, 49, 49, 0}, 
  {0, 0, 0, 0, 0, 0, 0, 59, 0, 191, 191, 191, 191, 191, 0}, 
  {0, 0, 0, 0, 0, 0, 0, 0, 0, 59, 59, 0, 0, 59, 0}, 
  {0, 0, 0, 0, 0, 0, 0, 0, 0, 59, 0, 0, 0, 59, 59}
}
  {  {0, 0, 0, 0, 0, 0, 0, 0, 0, 0, 0, 59, 59, 59, 0}, 
  {0, 0, 0, 0, 0, 0, 0, 0, 59, 59, 59, 247, 59, 247, 59}, 
  {0, 0, 0, 0, 0, 0, 0, 0, 0, 59, 59, 59, 59, 59, 59}, 
  {0, 0, 0, 0, 0, 0, 0, 0, 0, 0, 0, 59, 59, 59, 0}, 
  {0, 0, 0, 0, 0, 0, 0, 0, 0, 191, 191, 191, 59, 191, 191}, 
  {0, 0, 0, 0, 0, 0, 0, 0, 191, 191, 191, 191, 191, 191, 0}, 
  {0, 0, 0, 0, 0, 0, 0, 191, 191, 0, 49, 49, 49, 49, 0}, 
  {0, 0, 0, 0, 0, 0, 0, 59, 0, 191, 191, 191, 191, 191, 0}, 
  {0, 0, 0, 0, 0, 0, 0, 0, 0, 59, 59, 0, 0, 59, 0}, 
  {0, 0, 0, 0, 0, 0, 0, 0, 0, 59, 0, 0, 0, 59, 59}
}
  {  {0, 0, 0, 0, 0, 0, 0, 0, 0, 0, 0, 59, 59, 59, 0}, 
  {0, 0, 0, 0, 0, 0, 0, 0, 59, 59, 59, 247, 59, 247, 59}, 
  {0, 0, 0, 0, 0, 0, 0, 0, 0, 59, 59, 59, 59, 59, 59}, 
  {0, 0, 0, 0, 0, 0, 0, 0, 0, 0, 0, 59, 59, 59, 0}, 
  {0, 0, 0, 0, 0, 0, 0, 0, 0, 191, 191, 191, 59, 191, 191}, 
  {0, 0, 0, 0, 0, 0, 0, 0, 191, 191, 191, 191, 191, 191, 0}, 
  {0, 0, 0, 0, 0, 0, 0, 191, 191, 0, 49, 49, 49, 49, 0}, 
  {0, 0, 0, 0, 0, 0, 0, 59, 0, 191, 191, 191, 191, 191, 0}, 
  {0, 0, 0, 0, 0, 0, 0, 0, 0, 59, 59, 0, 0, 59, 0}, 
  {0, 0, 0, 0, 0, 0, 0, 0, 0, 247, 0, 0, 0, 59, 59}
}
  {  {0, 0, 0, 0, 0, 0, 0, 0, 0, 0, 0, 59, 59, 59, 0}, 
  {0, 0, 0, 0, 0, 0, 0, 0, 59, 59, 59, 247, 59, 247, 59}, 
  {0, 0, 0, 0, 0, 0, 0, 0, 0, 59, 59, 59, 59, 59, 59}, 
  {0, 0, 0, 0, 0, 0, 0, 0, 0, 0, 0, 59, 59, 59, 0}, 
  {0, 0, 0, 0, 0, 0, 0, 0, 0, 191, 191, 191, 59, 191, 191}, 
  {0, 0, 0, 0, 0, 0, 0, 0, 191, 191, 191, 191, 191, 191, 191}, 
  {0, 0, 0, 0, 0, 0, 0, 191, 191, 0, 49, 49, 49, 49, 0}, 
  {0, 0, 0, 0, 0, 0, 0, 59, 0, 191, 191, 191, 191, 191, 0}, 
  {0, 0, 0, 0, 0, 0, 0, 0, 0, 0, 59, 0, 0, 59, 0}, 
  {0, 0, 0, 0, 0, 0, 0, 0, 0, 0, 59, 59, 0, 59, 59}
}
  {  {0, 0, 0, 0, 0, 0, 0, 0, 0, 0, 0, 0, 59, 59, 59}, 
  {0, 0, 0, 0, 0, 0, 0, 0, 0, 59, 59, 59, 247, 59, 247}, 
  {0, 0, 0, 0, 0, 0, 0, 0, 0, 0, 59, 59, 59, 59, 59}, 
  {0, 0, 0, 0, 0, 0, 0, 0, 0, 0, 0, 0, 59, 59, 59}, 
  {0, 0, 0, 0, 0, 0, 0, 0, 0, 0, 191, 191, 191, 59, 191}, 
  {0, 0, 0, 0, 0, 0, 0, 0, 0, 191, 191, 191, 191, 191, 191}, 
  {0, 0, 0, 0, 0, 0, 0, 0, 191, 191, 0, 49, 49, 49, 49}, 
  {0, 0, 0, 0, 0, 0, 0, 0, 59, 0, 191, 191, 191, 191, 191}, 
  {0, 0, 0, 0, 0, 0, 0, 0, 0, 0, 0, 59, 0, 59, 59}, 
  {0, 0, 0, 0, 0, 0, 0, 0, 0, 0, 0, 59, 59, 59, 0}
}
  {  {0, 0, 0, 0, 0, 0, 0, 0, 0, 0, 0, 0, 59, 59, 59}, 
  {0, 0, 0, 0, 0, 0, 0, 0, 0, 59, 59, 59, 247, 59, 247}, 
  {0, 0, 0, 0, 0, 0, 0, 0, 0, 0, 59, 59, 59, 59, 59}, 
  {0, 0, 0, 0, 0, 0, 0, 0, 0, 0, 0, 0, 59, 59, 59}, 
  {0, 0, 0, 0, 0, 0, 0, 0, 0, 0, 191, 191, 191, 59, 191}, 
  {0, 0, 0, 0, 0, 0, 0, 0, 0, 191, 191, 191, 191, 191, 191}, 
  {0, 0, 0, 0, 0, 0, 0, 0, 191, 191, 0, 49, 49, 49, 49}, 
  {0, 0, 0, 0, 0, 0, 0, 0, 59, 0, 191, 191, 191, 191, 191}, 
  {0, 0, 0, 0, 0, 0, 0, 0, 0, 0, 0, 59, 0, 59, 59}, 
  {0, 0, 0, 0, 0, 0, 0, 0, 0, 0, 0, 59, 59, 59, 0}
}
  {  {0, 0, 0, 0, 0, 0, 0, 0, 0, 0, 0, 0, 59, 59, 59}, 
  {0, 0, 0, 0, 0, 0, 0, 0, 0, 59, 59, 59, 247, 59, 247}, 
  {0, 0, 0, 0, 0, 0, 0, 0, 0, 0, 59, 59, 59, 59, 59}, 
  {0, 0, 0, 0, 0, 0, 0, 0, 0, 0, 0, 0, 59, 59, 59}, 
  {0, 0, 0, 0, 0, 0, 0, 0, 0, 0, 191, 191, 191, 59, 191}, 
  {0, 0, 0, 0, 0, 0, 0, 0, 0, 191, 191, 191, 191, 191, 191}, 
  {0, 0, 0, 0, 0, 0, 0, 0, 191, 191, 0, 49, 49, 49, 49}, 
  {0, 0, 0, 0, 0, 0, 0, 0, 59, 0, 191, 191, 191, 191, 191}, 
  {0, 0, 0, 0, 0, 0, 0, 0, 0, 0, 0, 59, 0, 59, 59}, 
  {0, 0, 0, 0, 0, 0, 0, 0, 0, 0, 0, 59, 59, 59, 0}
}
  {  {0, 0, 0, 0, 0, 0, 0, 0, 0, 0, 0, 0, 59, 59, 59}, 
  {0, 0, 0, 0, 0, 0, 0, 0, 0, 59, 59, 59, 247, 59, 247}, 
  {0, 0, 0, 0, 0, 0, 0, 0, 0, 0, 59, 59, 59, 59, 59}, 
  {0, 0, 0, 0, 0, 0, 0, 0, 0, 0, 0, 0, 59, 59, 59}, 
  {0, 0, 0, 0, 0, 0, 0, 0, 0, 0, 191, 191, 191, 59, 191}, 
  {0, 0, 0, 0, 0, 0, 0, 0, 0, 191, 191, 191, 191, 191, 191}, 
  {0, 0, 0, 0, 0, 0, 0, 0, 191, 191, 0, 49, 49, 49, 49}, 
  {0, 0, 0, 0, 0, 0, 0, 0, 59, 0, 191, 191, 191, 191, 191}, 
  {0, 0, 0, 0, 0, 0, 0, 0, 0, 0, 0, 59, 0, 59, 59}, 
  {0, 0, 0, 0, 0, 0, 0, 0, 0, 0, 0, 59, 59, 59, 0}
}
  {  {0, 0, 0, 0, 0, 0, 0, 0, 0, 0, 0, 0, 0, 59, 59}, 
  {0, 0, 0, 0, 0, 0, 0, 0, 0, 0, 59, 59, 59, 247, 59}, 
  {0, 0, 0, 0, 0, 0, 0, 0, 0, 0, 0, 59, 59, 59, 59}, 
  {0, 0, 0, 0, 0, 0, 0, 0, 0, 0, 0, 0, 0, 59, 59}, 
  {0, 0, 0, 0, 0, 0, 0, 0, 0, 0, 0, 191, 191, 191, 59}, 
  {0, 0, 0, 0, 0, 0, 0, 0, 0, 0, 191, 191, 191, 191, 191}, 
  {0, 0, 0, 0, 0, 0, 0, 0, 0, 191, 191, 0, 49, 49, 49}, 
  {0, 0, 0, 0, 0, 0, 0, 0, 0, 59, 0, 191, 191, 191, 191}, 
  {0, 0, 0, 0, 0, 0, 0, 0, 0, 0, 0, 0, 59, 0, 0}, 
  {0, 0, 0, 0, 0, 0, 0, 0, 0, 0, 0, 0, 59, 59, 0}
}
  {  {0, 0, 0, 0, 0, 0, 0, 0, 0, 0, 0, 0, 0, 59, 59}, 
  {0, 0, 0, 0, 0, 0, 0, 0, 0, 0, 59, 59, 59, 247, 59}, 
  {0, 0, 0, 0, 0, 0, 0, 0, 0, 0, 0, 59, 59, 59, 59}, 
  {0, 0, 0, 0, 0, 0, 0, 0, 0, 0, 0, 0, 0, 59, 59}, 
  {0, 0, 0, 0, 0, 0, 0, 0, 0, 0, 0, 191, 191, 191, 59}, 
  {0, 0, 0, 0, 0, 0, 0, 0, 0, 0, 191, 191, 191, 191, 191}, 
  {0, 0, 0, 0, 0, 0, 0, 0, 0, 191, 191, 0, 49, 49, 49}, 
  {0, 0, 0, 0, 0, 0, 0, 0, 0, 59, 0, 191, 191, 191, 191}, 
  {0, 0, 0, 0, 0, 0, 0, 0, 0, 0, 0, 59, 59, 0, 0}, 
  {0, 0, 0, 0, 0, 0, 0, 0, 0, 0, 0, 59, 0, 0, 0}
}
  {  {0, 0, 0, 0, 0, 0, 0, 0, 0, 0, 0, 0, 0, 59, 59}, 
  {0, 0, 0, 0, 0, 0, 0, 0, 0, 0, 59, 59, 59, 247, 59}, 
  {0, 0, 0, 0, 0, 0, 0, 0, 0, 0, 0, 59, 59, 59, 59}, 
  {0, 0, 0, 0, 0, 0, 0, 0, 0, 0, 0, 0, 0, 59, 59}, 
  {0, 0, 0, 0, 0, 0, 0, 0, 0, 0, 0, 191, 191, 191, 59}, 
  {0, 0, 0, 0, 0, 0, 0, 0, 0, 0, 191, 191, 191, 191, 191}, 
  {0, 0, 0, 0, 0, 0, 0, 0, 0, 191, 191, 0, 49, 49, 49}, 
  {0, 0, 0, 0, 0, 0, 0, 0, 0, 59, 0, 191, 191, 191, 191}, 
  {0, 0, 0, 0, 0, 0, 0, 0, 0, 0, 0, 59, 59, 0, 0}, 
  {0, 0, 0, 0, 0, 0, 0, 0, 0, 0, 0, 59, 0, 0, 0}
}
  {  {0, 0, 0, 0, 0, 0, 0, 0, 0, 0, 0, 0, 0, 59, 59}, 
  {0, 0, 0, 0, 0, 0, 0, 0, 0, 0, 59, 59, 59, 247, 59}, 
  {0, 0, 0, 0, 0, 0, 0, 0, 0, 0, 0, 59, 59, 59, 59}, 
  {0, 0, 0, 0, 0, 0, 0, 0, 0, 0, 0, 0, 0, 59, 59}, 
  {0, 0, 0, 0, 0, 0, 0, 0, 0, 0, 0, 191, 191, 191, 59}, 
  {0, 0, 0, 0, 0, 0, 0, 0, 0, 0, 191, 191, 191, 191, 191}, 
  {0, 0, 0, 0, 0, 0, 0, 0, 0, 191, 191, 0, 49, 49, 49}, 
  {0, 0, 0, 0, 0, 0, 0, 0, 0, 59, 0, 191, 191, 191, 191}, 
  {0, 0, 0, 0, 0, 0, 0, 0, 0, 0, 0, 59, 59, 0, 0}, 
  {0, 0, 0, 0, 0, 0, 0, 0, 0, 0, 0, 59, 0, 0, 0}
}
  {  {0, 0, 0, 0, 0, 0, 0, 0, 0, 0, 0, 0, 0, 0, 59}, 
  {0, 0, 0, 0, 0, 0, 0, 0, 0, 0, 0, 59, 59, 59, 247}, 
  {0, 0, 0, 0, 0, 0, 0, 0, 0, 0, 0, 0, 59, 59, 59}, 
  {0, 0, 0, 0, 0, 0, 0, 0, 0, 0, 0, 0, 0, 0, 59}, 
  {0, 0, 0, 0, 0, 0, 0, 0, 0, 0, 0, 0, 191, 191, 191}, 
  {0, 0, 0, 0, 0, 0, 0, 0, 0, 0, 0, 191, 191, 191, 191}, 
  {0, 0, 0, 0, 0, 0, 0, 0, 0, 0, 191, 191, 0, 49, 49}, 
  {0, 0, 0, 0, 0, 0, 0, 0, 0, 0, 59, 0, 191, 191, 191}, 
  {0, 0, 0, 0, 0, 0, 0, 0, 0, 0, 0, 0, 0, 59, 0}, 
  {0, 0, 0, 0, 0, 0, 0, 0, 0, 0, 0, 0, 0, 59, 59}
}
  {  {0, 0, 0, 0, 0, 0, 0, 0, 0, 0, 0, 0, 0, 0, 59}, 
  {0, 0, 0, 0, 0, 0, 0, 0, 0, 0, 0, 59, 59, 59, 247}, 
  {0, 0, 0, 0, 0, 0, 0, 0, 0, 0, 0, 0, 59, 59, 59}, 
  {0, 0, 0, 0, 0, 0, 0, 0, 0, 0, 0, 0, 0, 0, 59}, 
  {0, 0, 0, 0, 0, 0, 0, 0, 0, 0, 0, 0, 191, 191, 191}, 
  {0, 0, 0, 0, 0, 0, 0, 0, 0, 0, 0, 191, 191, 191, 191}, 
  {0, 0, 0, 0, 0, 0, 0, 0, 0, 0, 191, 191, 0, 49, 49}, 
  {0, 0, 0, 0, 0, 0, 0, 0, 0, 0, 59, 0, 191, 191, 191}, 
  {0, 0, 0, 0, 0, 0, 0, 0, 0, 0, 0, 0, 0, 59, 0}, 
  {0, 0, 0, 0, 0, 0, 0, 0, 0, 0, 0, 0, 0, 59, 59}
}
  {  {0, 0, 0, 0, 0, 0, 0, 0, 0, 0, 0, 0, 0, 0, 59}, 
  {0, 0, 0, 0, 0, 0, 0, 0, 0, 0, 0, 59, 59, 59, 247}, 
  {0, 0, 0, 0, 0, 0, 0, 0, 0, 0, 0, 0, 59, 59, 59}, 
  {0, 0, 0, 0, 0, 0, 0, 0, 0, 0, 0, 0, 0, 0, 59}, 
  {0, 0, 0, 0, 0, 0, 0, 0, 0, 0, 0, 0, 191, 191, 191}, 
  {0, 0, 0, 0, 0, 0, 0, 0, 0, 0, 0, 191, 191, 191, 191}, 
  {0, 0, 0, 0, 0, 0, 0, 0, 0, 0, 191, 191, 0, 49, 49}, 
  {0, 0, 0, 0, 0, 0, 0, 0, 0, 0, 59, 0, 191, 191, 191}, 
  {0, 0, 0, 0, 0, 0, 0, 0, 0, 0, 0, 0, 0, 59, 0}, 
  {0, 0, 0, 0, 0, 0, 0, 0, 0, 0, 0, 0, 0, 59, 59}
}
  {  {0, 0, 0, 0, 0, 0, 0, 0, 0, 0, 0, 0, 0, 0, 59}, 
  {0, 0, 0, 0, 0, 0, 0, 0, 0, 0, 0, 59, 59, 59, 247}, 
  {0, 0, 0, 0, 0, 0, 0, 0, 0, 0, 0, 0, 59, 59, 59}, 
  {0, 0, 0, 0, 0, 0, 0, 0, 0, 0, 0, 0, 0, 0, 59}, 
  {0, 0, 0, 0, 0, 0, 0, 0, 0, 0, 0, 0, 191, 191, 191}, 
  {0, 0, 0, 0, 0, 0, 0, 0, 0, 0, 0, 191, 191, 191, 191}, 
  {0, 0, 0, 0, 0, 0, 0, 0, 0, 0, 191, 191, 0, 49, 49}, 
  {0, 0, 0, 0, 0, 0, 0, 0, 0, 0, 59, 0, 191, 191, 191}, 
  {0, 0, 0, 0, 0, 0, 0, 0, 0, 0, 0, 0, 0, 59, 0}, 
  {0, 0, 0, 0, 0, 0, 0, 0, 0, 0, 0, 0, 0, 59, 59}
}
  {  {0, 0, 0, 0, 0, 0, 0, 0, 0, 0, 0, 0, 0, 0, 0}, 
  {0, 0, 0, 0, 0, 0, 0, 0, 0, 0, 0, 0, 59, 59, 59}, 
  {0, 0, 0, 0, 0, 0, 0, 0, 0, 0, 0, 0, 0, 59, 59}, 
  {0, 0, 0, 0, 0, 0, 0, 0, 0, 0, 0, 0, 0, 0, 0}, 
  {0, 0, 0, 0, 0, 0, 0, 0, 0, 0, 0, 0, 0, 191, 191}, 
  {0, 0, 0, 0, 0, 0, 0, 0, 0, 0, 0, 0, 191, 191, 191}, 
  {0, 0, 0, 0, 0, 0, 0, 0, 0, 0, 0, 191, 191, 0, 49}, 
  {0, 0, 0, 0, 0, 0, 0, 0, 0, 0, 0, 59, 0, 191, 191}, 
  {0, 0, 0, 0, 0, 0, 0, 0, 0, 0, 0, 0, 0, 0, 59}, 
  {0, 0, 0, 0, 0, 0, 0, 0, 0, 0, 0, 0, 0, 0, 59}
}
  {  {0, 0, 0, 0, 0, 0, 0, 0, 0, 0, 0, 0, 0, 0, 0}, 
  {0, 0, 0, 0, 0, 0, 0, 0, 0, 0, 0, 0, 59, 59, 59}, 
  {0, 0, 0, 0, 0, 0, 0, 0, 0, 0, 0, 0, 0, 59, 59}, 
  {0, 0, 0, 0, 0, 0, 0, 0, 0, 0, 0, 0, 0, 0, 0}, 
  {0, 0, 0, 0, 0, 0, 0, 0, 0, 0, 0, 0, 0, 191, 191}, 
  {0, 0, 0, 0, 0, 0, 0, 0, 0, 0, 0, 0, 191, 191, 191}, 
  {0, 0, 0, 0, 0, 0, 0, 0, 0, 0, 0, 191, 191, 0, 49}, 
  {0, 0, 0, 0, 0, 0, 0, 0, 0, 0, 0, 59, 0, 191, 191}, 
  {0, 0, 0, 0, 0, 0, 0, 0, 0, 0, 0, 0, 0, 0, 59}, 
  {0, 0, 0, 0, 0, 0, 0, 0, 0, 0, 0, 0, 0, 0, 59}
}
  {  {0, 0, 0, 0, 0, 0, 0, 0, 0, 0, 0, 0, 0, 0, 0}, 
  {0, 0, 0, 0, 0, 0, 0, 0, 0, 0, 0, 0, 59, 59, 59}, 
  {0, 0, 0, 0, 0, 0, 0, 0, 0, 0, 0, 0, 0, 59, 59}, 
  {0, 0, 0, 0, 0, 0, 0, 0, 0, 0, 0, 0, 0, 0, 0}, 
  {0, 0, 0, 0, 0, 0, 0, 0, 0, 0, 0, 0, 0, 191, 191}, 
  {0, 0, 0, 0, 0, 0, 0, 0, 0, 0, 0, 0, 191, 191, 191}, 
  {0, 0, 0, 0, 0, 0, 0, 0, 0, 0, 0, 191, 191, 0, 49}, 
  {0, 0, 0, 0, 0, 0, 0, 0, 0, 0, 0, 59, 0, 191, 191}, 
  {0, 0, 0, 0, 0, 0, 0, 0, 0, 0, 0, 0, 0, 59, 59}, 
  {0, 0, 0, 0, 0, 0, 0, 0, 0, 0, 0, 0, 0, 59, 0}
}
  {  {0, 0, 0, 0, 0, 0, 0, 0, 0, 0, 0, 0, 0, 0, 0}, 
  {0, 0, 0, 0, 0, 0, 0, 0, 0, 0, 0, 0, 59, 59, 59}, 
  {0, 0, 0, 0, 0, 0, 0, 0, 0, 0, 0, 0, 0, 59, 59}, 
  {0, 0, 0, 0, 0, 0, 0, 0, 0, 0, 0, 0, 0, 0, 0}, 
  {0, 0, 0, 0, 0, 0, 0, 0, 0, 0, 0, 0, 0, 191, 191}, 
  {0, 0, 0, 0, 0, 0, 0, 0, 0, 0, 0, 0, 191, 191, 191}, 
  {0, 0, 0, 0, 0, 0, 0, 0, 0, 0, 0, 191, 191, 0, 49}, 
  {0, 0, 0, 0, 0, 0, 0, 0, 0, 0, 0, 59, 0, 191, 191}, 
  {0, 0, 0, 0, 0, 0, 0, 0, 0, 0, 0, 0, 0, 59, 59}, 
  {0, 0, 0, 0, 0, 0, 0, 0, 0, 0, 0, 0, 0, 59, 0}
}
  {  {0, 0, 0, 0, 0, 0, 0, 0, 0, 0, 0, 0, 0, 0, 0}, 
  {0, 0, 0, 0, 0, 0, 0, 0, 0, 0, 0, 0, 0, 59, 59}, 
  {0, 0, 0, 0, 0, 0, 0, 0, 0, 0, 0, 0, 0, 0, 59}, 
  {0, 0, 0, 0, 0, 0, 0, 0, 0, 0, 0, 0, 0, 0, 0}, 
  {0, 0, 0, 0, 0, 0, 0, 0, 0, 0, 0, 0, 0, 0, 191}, 
  {0, 0, 0, 0, 0, 0, 0, 0, 0, 0, 0, 0, 0, 191, 191}, 
  {0, 0, 0, 0, 0, 0, 0, 0, 0, 0, 0, 0, 191, 191, 0}, 
  {0, 0, 0, 0, 0, 0, 0, 0, 0, 0, 0, 0, 59, 0, 191}, 
  {0, 0, 0, 0, 0, 0, 0, 0, 0, 0, 0, 0, 0, 0, 59}, 
  {0, 0, 0, 0, 0, 0, 0, 0, 0, 0, 0, 0, 0, 0, 59}
}
  {  {0, 0, 0, 0, 0, 0, 0, 0, 0, 0, 0, 0, 0, 0, 0}, 
  {0, 0, 0, 0, 0, 0, 0, 0, 0, 0, 0, 0, 0, 59, 59}, 
  {0, 0, 0, 0, 0, 0, 0, 0, 0, 0, 0, 0, 0, 0, 59}, 
  {0, 0, 0, 0, 0, 0, 0, 0, 0, 0, 0, 0, 0, 0, 0}, 
  {0, 0, 0, 0, 0, 0, 0, 0, 0, 0, 0, 0, 0, 0, 191}, 
  {0, 0, 0, 0, 0, 0, 0, 0, 0, 0, 0, 0, 0, 191, 191}, 
  {0, 0, 0, 0, 0, 0, 0, 0, 0, 0, 0, 0, 191, 191, 0}, 
  {0, 0, 0, 0, 0, 0, 0, 0, 0, 0, 0, 0, 59, 0, 191}, 
  {0, 0, 0, 0, 0, 0, 0, 0, 0, 0, 0, 0, 0, 0, 0}, 
  {0, 0, 0, 0, 0, 0, 0, 0, 0, 0, 0, 0, 0, 0, 0}
}
  {  {0, 0, 0, 0, 0, 0, 0, 0, 0, 0, 0, 0, 0, 0, 0}, 
  {0, 0, 0, 0, 0, 0, 0, 0, 0, 0, 0, 0, 0, 59, 59}, 
  {0, 0, 0, 0, 0, 0, 0, 0, 0, 0, 0, 0, 0, 0, 59}, 
  {0, 0, 0, 0, 0, 0, 0, 0, 0, 0, 0, 0, 0, 0, 0}, 
  {0, 0, 0, 0, 0, 0, 0, 0, 0, 0, 0, 0, 0, 0, 191}, 
  {0, 0, 0, 0, 0, 0, 0, 0, 0, 0, 0, 0, 0, 191, 191}, 
  {0, 0, 0, 0, 0, 0, 0, 0, 0, 0, 0, 0, 191, 191, 0}, 
  {0, 0, 0, 0, 0, 0, 0, 0, 0, 0, 0, 0, 59, 0, 191}, 
  {0, 0, 0, 0, 0, 0, 0, 0, 0, 0, 0, 0, 0, 0, 0}, 
  {0, 0, 0, 0, 0, 0, 0, 0, 0, 0, 0, 0, 0, 0, 0}
}
  {  {0, 0, 0, 0, 0, 0, 0, 0, 0, 0, 0, 0, 0, 0, 0}, 
  {0, 0, 0, 0, 0, 0, 0, 0, 0, 0, 0, 0, 0, 59, 59}, 
  {0, 0, 0, 0, 0, 0, 0, 0, 0, 0, 0, 0, 0, 0, 59}, 
  {0, 0, 0, 0, 0, 0, 0, 0, 0, 0, 0, 0, 0, 0, 0}, 
  {0, 0, 0, 0, 0, 0, 0, 0, 0, 0, 0, 0, 0, 0, 191}, 
  {0, 0, 0, 0, 0, 0, 0, 0, 0, 0, 0, 0, 0, 191, 191}, 
  {0, 0, 0, 0, 0, 0, 0, 0, 0, 0, 0, 0, 191, 191, 0}, 
  {0, 0, 0, 0, 0, 0, 0, 0, 0, 0, 0, 0, 59, 0, 191}, 
  {0, 0, 0, 0, 0, 0, 0, 0, 0, 0, 0, 0, 0, 0, 0}, 
  {0, 0, 0, 0, 0, 0, 0, 0, 0, 0, 0, 0, 0, 0, 0}
}
  {  {0, 0, 0, 0, 0, 0, 0, 0, 0, 0, 0, 0, 0, 0, 0}, 
  {0, 0, 0, 0, 0, 0, 0, 0, 0, 0, 0, 0, 0, 0, 59}, 
  {0, 0, 0, 0, 0, 0, 0, 0, 0, 0, 0, 0, 0, 0, 0}, 
  {0, 0, 0, 0, 0, 0, 0, 0, 0, 0, 0, 0, 0, 0, 0}, 
  {0, 0, 0, 0, 0, 0, 0, 0, 0, 0, 0, 0, 0, 0, 0}, 
  {0, 0, 0, 0, 0, 0, 0, 0, 0, 0, 0, 0, 0, 0, 191}, 
  {0, 0, 0, 0, 0, 0, 0, 0, 0, 0, 0, 0, 0, 191, 191}, 
  {0, 0, 0, 0, 0, 0, 0, 0, 0, 0, 0, 0, 0, 59, 0}, 
  {0, 0, 0, 0, 0, 0, 0, 0, 0, 0, 0, 0, 0, 0, 0}, 
  {0, 0, 0, 0, 0, 0, 0, 0, 0, 0, 0, 0, 0, 0, 0}
}
  {  {0, 0, 0, 0, 0, 0, 0, 0, 0, 0, 0, 0, 0, 0, 0}, 
  {0, 0, 0, 0, 0, 0, 0, 0, 0, 0, 0, 0, 0, 0, 59}, 
  {0, 0, 0, 0, 0, 0, 0, 0, 0, 0, 0, 0, 0, 0, 0}, 
  {0, 0, 0, 0, 0, 0, 0, 0, 0, 0, 0, 0, 0, 0, 0}, 
  {0, 0, 0, 0, 0, 0, 0, 0, 0, 0, 0, 0, 0, 0, 0}, 
  {0, 0, 0, 0, 0, 0, 0, 0, 0, 0, 0, 0, 0, 0, 191}, 
  {0, 0, 0, 0, 0, 0, 0, 0, 0, 0, 0, 0, 0, 191, 191}, 
  {0, 0, 0, 0, 0, 0, 0, 0, 0, 0, 0, 0, 0, 59, 0}, 
  {0, 0, 0, 0, 0, 0, 0, 0, 0, 0, 0, 0, 0, 0, 0}, 
  {0, 0, 0, 0, 0, 0, 0, 0, 0, 0, 0, 0, 0, 0, 0}
}
  {  {0, 0, 0, 0, 0, 0, 0, 0, 0, 0, 0, 0, 0, 0, 0}, 
  {0, 0, 0, 0, 0, 0, 0, 0, 0, 0, 0, 0, 0, 0, 59}, 
  {0, 0, 0, 0, 0, 0, 0, 0, 0, 0, 0, 0, 0, 0, 0}, 
  {0, 0, 0, 0, 0, 0, 0, 0, 0, 0, 0, 0, 0, 0, 0}, 
  {0, 0, 0, 0, 0, 0, 0, 0, 0, 0, 0, 0, 0, 0, 0}, 
  {0, 0, 0, 0, 0, 0, 0, 0, 0, 0, 0, 0, 0, 0, 191}, 
  {0, 0, 0, 0, 0, 0, 0, 0, 0, 0, 0, 0, 0, 191, 191}, 
  {0, 0, 0, 0, 0, 0, 0, 0, 0, 0, 0, 0, 0, 59, 0}, 
  {0, 0, 0, 0, 0, 0, 0, 0, 0, 0, 0, 0, 0, 0, 0}, 
  {0, 0, 0, 0, 0, 0, 0, 0, 0, 0, 0, 0, 0, 0, 0}
}
  {  {0, 0, 0, 0, 0, 0, 0, 0, 0, 0, 0, 0, 0, 0, 0}, 
  {0, 0, 0, 0, 0, 0, 0, 0, 0, 0, 0, 0, 0, 0, 59}, 
  {0, 0, 0, 0, 0, 0, 0, 0, 0, 0, 0, 0, 0, 0, 0}, 
  {0, 0, 0, 0, 0, 0, 0, 0, 0, 0, 0, 0, 0, 0, 0}, 
  {0, 0, 0, 0, 0, 0, 0, 0, 0, 0, 0, 0, 0, 0, 0}, 
  {0, 0, 0, 0, 0, 0, 0, 0, 0, 0, 0, 0, 0, 0, 191}, 
  {0, 0, 0, 0, 0, 0, 0, 0, 0, 0, 0, 0, 0, 191, 191}, 
  {0, 0, 0, 0, 0, 0, 0, 0, 0, 0, 0, 0, 0, 59, 0}, 
  {0, 0, 0, 0, 0, 0, 0, 0, 0, 0, 0, 0, 0, 0, 0}, 
  {0, 0, 0, 0, 0, 0, 0, 0, 0, 0, 0, 0, 0, 0, 0}
}
  {  {0, 0, 0, 0, 0, 0, 0, 0, 0, 0, 0, 0, 0, 0, 0}, 
  {0, 0, 0, 0, 0, 0, 0, 0, 0, 0, 0, 0, 0, 0, 0}, 
  {0, 0, 0, 0, 0, 0, 0, 0, 0, 0, 0, 0, 0, 0, 0}, 
  {0, 0, 0, 0, 0, 0, 0, 0, 0, 0, 0, 0, 0, 0, 0}, 
  {0, 0, 0, 0, 0, 0, 0, 0, 0, 0, 0, 0, 0, 0, 0}, 
  {0, 0, 0, 0, 0, 0, 0, 0, 0, 0, 0, 0, 0, 0, 0}, 
  {0, 0, 0, 0, 0, 0, 0, 0, 0, 0, 0, 0, 0, 0, 191}, 
  {0, 0, 0, 0, 0, 0, 0, 0, 0, 0, 0, 0, 0, 0, 59}, 
  {0, 0, 0, 0, 0, 0, 0, 0, 0, 0, 0, 0, 0, 0, 0}, 
  {0, 0, 0, 0, 0, 0, 0, 0, 0, 0, 0, 0, 0, 0, 0}
}
  {  {0, 0, 0, 0, 0, 0, 0, 0, 0, 0, 0, 0, 0, 0, 0}, 
  {0, 0, 0, 0, 0, 0, 0, 0, 0, 0, 0, 0, 0, 0, 0}, 
  {0, 0, 0, 0, 0, 0, 0, 0, 0, 0, 0, 0, 0, 0, 0}, 
  {0, 0, 0, 0, 0, 0, 0, 0, 0, 0, 0, 0, 0, 0, 0}, 
  {0, 0, 0, 0, 0, 0, 0, 0, 0, 0, 0, 0, 0, 0, 0}, 
  {0, 0, 0, 0, 0, 0, 0, 0, 0, 0, 0, 0, 0, 0, 0}, 
  {0, 0, 0, 0, 0, 0, 0, 0, 0, 0, 0, 0, 0, 0, 191}, 
  {0, 0, 0, 0, 0, 0, 0, 0, 0, 0, 0, 0, 0, 0, 59}, 
  {0, 0, 0, 0, 0, 0, 0, 0, 0, 0, 0, 0, 0, 0, 0}, 
  {0, 0, 0, 0, 0, 0, 0, 0, 0, 0, 0, 0, 0, 0, 0}
}
  {  {0, 0, 0, 0, 0, 0, 0, 0, 0, 0, 0, 0, 0, 0, 0}, 
  {0, 0, 0, 0, 0, 0, 0, 0, 0, 0, 0, 0, 0, 0, 0}, 
  {0, 0, 0, 0, 0, 0, 0, 0, 0, 0, 0, 0, 0, 0, 0}, 
  {0, 0, 0, 0, 0, 0, 0, 0, 0, 0, 0, 0, 0, 0, 0}, 
  {0, 0, 0, 0, 0, 0, 0, 0, 0, 0, 0, 0, 0, 0, 0}, 
  {0, 0, 0, 0, 0, 0, 0, 0, 0, 0, 0, 0, 0, 0, 0}, 
  {0, 0, 0, 0, 0, 0, 0, 0, 0, 0, 0, 0, 0, 0, 191}, 
  {0, 0, 0, 0, 0, 0, 0, 0, 0, 0, 0, 0, 0, 0, 59}, 
  {0, 0, 0, 0, 0, 0, 0, 0, 0, 0, 0, 0, 0, 0, 0}, 
  {0, 0, 0, 0, 0, 0, 0, 0, 0, 0, 0, 0, 0, 0, 0}
}
  {  {0, 0, 0, 0, 0, 0, 0, 0, 0, 0, 0, 0, 0, 0, 0}, 
  {0, 0, 0, 0, 0, 0, 0, 0, 0, 0, 0, 0, 0, 0, 0}, 
  {0, 0, 0, 0, 0, 0, 0, 0, 0, 0, 0, 0, 0, 0, 0}, 
  {0, 0, 0, 0, 0, 0, 0, 0, 0, 0, 0, 0, 0, 0, 0}, 
  {0, 0, 0, 0, 0, 0, 0, 0, 0, 0, 0, 0, 0, 0, 0}, 
  {0, 0, 0, 0, 0, 0, 0, 0, 0, 0, 0, 0, 0, 0, 0}, 
  {0, 0, 0, 0, 0, 0, 0, 0, 0, 0, 0, 0, 0, 0, 191}, 
  {0, 0, 0, 0, 0, 0, 0, 0, 0, 0, 0, 0, 0, 0, 247}, 
  {0, 0, 0, 0, 0, 0, 0, 0, 0, 0, 0, 0, 0, 0, 0}, 
  {0, 0, 0, 0, 0, 0, 0, 0, 0, 0, 0, 0, 0, 0, 0}
}
  {  {0, 0, 0, 0, 0, 0, 0, 0, 0, 0, 0, 0, 0, 0, 0}, 
  {0, 0, 0, 0, 0, 0, 0, 0, 0, 0, 0, 0, 0, 0, 0}, 
  {0, 0, 0, 0, 0, 0, 0, 0, 0, 0, 0, 0, 0, 0, 0}, 
  {0, 0, 0, 0, 0, 0, 0, 0, 0, 0, 0, 0, 0, 0, 0}, 
  {0, 0, 0, 0, 0, 0, 0, 0, 0, 0, 0, 0, 0, 0, 0}, 
  {0, 0, 0, 0, 0, 0, 0, 0, 0, 0, 0, 0, 0, 0, 0}, 
  {0, 0, 0, 0, 0, 0, 0, 0, 0, 0, 0, 0, 0, 0, 0}, 
  {0, 0, 0, 0, 0, 0, 0, 0, 0, 0, 0, 0, 0, 0, 0}, 
  {0, 0, 0, 0, 0, 0, 0, 0, 0, 0, 0, 0, 0, 0, 0}, 
  {0, 0, 0, 0, 0, 0, 0, 0, 0, 0, 0, 0, 0, 0, 0}
}
