byte yodawalkgif_greens[100][10][15]=
  {  {0, 0, 0, 0, 0, 0, 0, 0, 0, 0, 0, 0, 0, 0, 0}, 
  {0, 0, 0, 0, 0, 0, 0, 0, 0, 0, 0, 0, 0, 0, 0}, 
  {0, 0, 0, 0, 0, 0, 0, 0, 0, 0, 0, 0, 0, 0, 0}, 
  {0, 0, 0, 0, 0, 0, 0, 0, 0, 0, 0, 0, 0, 0, 0}, 
  {0, 0, 0, 0, 0, 0, 0, 0, 0, 0, 0, 0, 0, 0, 0}, 
  {0, 0, 0, 0, 0, 0, 0, 0, 0, 0, 0, 0, 0, 0, 0}, 
  {0, 0, 0, 0, 0, 0, 0, 0, 0, 0, 0, 0, 0, 0, 0}, 
  {0, 0, 0, 0, 0, 0, 0, 0, 0, 0, 0, 0, 0, 0, 0}, 
  {0, 0, 0, 0, 0, 0, 0, 0, 0, 0, 0, 0, 0, 0, 0}, 
  {0, 0, 0, 0, 0, 0, 0, 0, 0, 0, 0, 0, 0, 0, 0}
}, 
  {  {0, 0, 0, 0, 0, 0, 0, 0, 0, 0, 0, 0, 0, 0, 0}, 
  {0, 0, 0, 0, 0, 0, 0, 0, 0, 0, 0, 0, 0, 0, 0}, 
  {0, 0, 0, 0, 0, 0, 0, 0, 0, 0, 0, 0, 0, 0, 0}, 
  {0, 0, 0, 0, 0, 0, 0, 0, 0, 0, 0, 0, 0, 0, 0}, 
  {197, 0, 0, 0, 0, 0, 0, 0, 0, 0, 0, 0, 0, 0, 0}, 
  {86, 0, 0, 0, 0, 0, 0, 0, 0, 0, 0, 0, 0, 0, 0}, 
  {86, 0, 0, 0, 0, 0, 0, 0, 0, 0, 0, 0, 0, 0, 0}, 
  {86, 0, 0, 0, 0, 0, 0, 0, 0, 0, 0, 0, 0, 0, 0}, 
  {86, 0, 0, 0, 0, 0, 0, 0, 0, 0, 0, 0, 0, 0, 0}, 
  {0, 0, 0, 0, 0, 0, 0, 0, 0, 0, 0, 0, 0, 0, 0}
}, 
  {  {0, 0, 0, 0, 0, 0, 0, 0, 0, 0, 0, 0, 0, 0, 0}, 
  {0, 0, 0, 0, 0, 0, 0, 0, 0, 0, 0, 0, 0, 0, 0}, 
  {0, 0, 0, 0, 0, 0, 0, 0, 0, 0, 0, 0, 0, 0, 0}, 
  {0, 0, 0, 0, 0, 0, 0, 0, 0, 0, 0, 0, 0, 0, 0}, 
  {0, 0, 0, 0, 0, 0, 0, 0, 0, 0, 0, 0, 0, 0, 0}, 
  {197, 0, 0, 0, 0, 0, 0, 0, 0, 0, 0, 0, 0, 0, 0}, 
  {86, 0, 0, 0, 0, 0, 0, 0, 0, 0, 0, 0, 0, 0, 0}, 
  {86, 0, 0, 0, 0, 0, 0, 0, 0, 0, 0, 0, 0, 0, 0}, 
  {86, 0, 0, 0, 0, 0, 0, 0, 0, 0, 0, 0, 0, 0, 0}, 
  {86, 0, 0, 0, 0, 0, 0, 0, 0, 0, 0, 0, 0, 0, 0}
}, 
  {  {0, 0, 0, 0, 0, 0, 0, 0, 0, 0, 0, 0, 0, 0, 0}, 
  {0, 0, 0, 0, 0, 0, 0, 0, 0, 0, 0, 0, 0, 0, 0}, 
  {0, 0, 0, 0, 0, 0, 0, 0, 0, 0, 0, 0, 0, 0, 0}, 
  {0, 0, 0, 0, 0, 0, 0, 0, 0, 0, 0, 0, 0, 0, 0}, 
  {0, 0, 0, 0, 0, 0, 0, 0, 0, 0, 0, 0, 0, 0, 0}, 
  {197, 0, 0, 0, 0, 0, 0, 0, 0, 0, 0, 0, 0, 0, 0}, 
  {86, 0, 0, 0, 0, 0, 0, 0, 0, 0, 0, 0, 0, 0, 0}, 
  {86, 0, 0, 0, 0, 0, 0, 0, 0, 0, 0, 0, 0, 0, 0}, 
  {86, 0, 0, 0, 0, 0, 0, 0, 0, 0, 0, 0, 0, 0, 0}, 
  {86, 0, 0, 0, 0, 0, 0, 0, 0, 0, 0, 0, 0, 0, 0}
}, 
  {  {0, 0, 0, 0, 0, 0, 0, 0, 0, 0, 0, 0, 0, 0, 0}, 
  {0, 0, 0, 0, 0, 0, 0, 0, 0, 0, 0, 0, 0, 0, 0}, 
  {0, 0, 0, 0, 0, 0, 0, 0, 0, 0, 0, 0, 0, 0, 0}, 
  {0, 0, 0, 0, 0, 0, 0, 0, 0, 0, 0, 0, 0, 0, 0}, 
  {197, 0, 0, 0, 0, 0, 0, 0, 0, 0, 0, 0, 0, 0, 0}, 
  {86, 0, 0, 0, 0, 0, 0, 0, 0, 0, 0, 0, 0, 0, 0}, 
  {86, 0, 0, 0, 0, 0, 0, 0, 0, 0, 0, 0, 0, 0, 0}, 
  {86, 0, 0, 0, 0, 0, 0, 0, 0, 0, 0, 0, 0, 0, 0}, 
  {86, 0, 0, 0, 0, 0, 0, 0, 0, 0, 0, 0, 0, 0, 0}, 
  {0, 0, 0, 0, 0, 0, 0, 0, 0, 0, 0, 0, 0, 0, 0}
}, 
  {  {0, 0, 0, 0, 0, 0, 0, 0, 0, 0, 0, 0, 0, 0, 0}, 
  {0, 0, 0, 0, 0, 0, 0, 0, 0, 0, 0, 0, 0, 0, 0}, 
  {0, 0, 0, 0, 0, 0, 0, 0, 0, 0, 0, 0, 0, 0, 0}, 
  {0, 0, 0, 0, 0, 0, 0, 0, 0, 0, 0, 0, 0, 0, 0}, 
  {221, 197, 0, 0, 0, 0, 0, 0, 0, 0, 0, 0, 0, 0, 0}, 
  {0, 86, 0, 0, 0, 0, 0, 0, 0, 0, 0, 0, 0, 0, 0}, 
  {0, 86, 0, 0, 0, 0, 0, 0, 0, 0, 0, 0, 0, 0, 0}, 
  {0, 86, 0, 0, 0, 0, 0, 0, 0, 0, 0, 0, 0, 0, 0}, 
  {0, 86, 0, 0, 0, 0, 0, 0, 0, 0, 0, 0, 0, 0, 0}, 
  {0, 0, 0, 0, 0, 0, 0, 0, 0, 0, 0, 0, 0, 0, 0}
}, 
  {  {0, 0, 0, 0, 0, 0, 0, 0, 0, 0, 0, 0, 0, 0, 0}, 
  {0, 0, 0, 0, 0, 0, 0, 0, 0, 0, 0, 0, 0, 0, 0}, 
  {0, 0, 0, 0, 0, 0, 0, 0, 0, 0, 0, 0, 0, 0, 0}, 
  {0, 0, 0, 0, 0, 0, 0, 0, 0, 0, 0, 0, 0, 0, 0}, 
  {0, 0, 0, 0, 0, 0, 0, 0, 0, 0, 0, 0, 0, 0, 0}, 
  {221, 197, 0, 0, 0, 0, 0, 0, 0, 0, 0, 0, 0, 0, 0}, 
  {0, 86, 0, 0, 0, 0, 0, 0, 0, 0, 0, 0, 0, 0, 0}, 
  {0, 86, 0, 0, 0, 0, 0, 0, 0, 0, 0, 0, 0, 0, 0}, 
  {0, 86, 0, 0, 0, 0, 0, 0, 0, 0, 0, 0, 0, 0, 0}, 
  {0, 86, 0, 0, 0, 0, 0, 0, 0, 0, 0, 0, 0, 0, 0}
}, 
  {  {0, 0, 0, 0, 0, 0, 0, 0, 0, 0, 0, 0, 0, 0, 0}, 
  {197, 0, 0, 0, 0, 0, 0, 0, 0, 0, 0, 0, 0, 0, 0}, 
  {0, 0, 0, 0, 0, 0, 0, 0, 0, 0, 0, 0, 0, 0, 0}, 
  {0, 0, 0, 0, 0, 0, 0, 0, 0, 0, 0, 0, 0, 0, 0}, 
  {0, 0, 0, 0, 0, 0, 0, 0, 0, 0, 0, 0, 0, 0, 0}, 
  {221, 197, 0, 0, 0, 0, 0, 0, 0, 0, 0, 0, 0, 0, 0}, 
  {0, 86, 0, 0, 0, 0, 0, 0, 0, 0, 0, 0, 0, 0, 0}, 
  {0, 86, 0, 0, 0, 0, 0, 0, 0, 0, 0, 0, 0, 0, 0}, 
  {0, 86, 0, 0, 0, 0, 0, 0, 0, 0, 0, 0, 0, 0, 0}, 
  {0, 86, 0, 0, 0, 0, 0, 0, 0, 0, 0, 0, 0, 0, 0}
}, 
  {  {0, 0, 0, 0, 0, 0, 0, 0, 0, 0, 0, 0, 0, 0, 0}, 
  {197, 0, 0, 0, 0, 0, 0, 0, 0, 0, 0, 0, 0, 0, 0}, 
  {0, 0, 0, 0, 0, 0, 0, 0, 0, 0, 0, 0, 0, 0, 0}, 
  {0, 0, 0, 0, 0, 0, 0, 0, 0, 0, 0, 0, 0, 0, 0}, 
  {221, 197, 0, 0, 0, 0, 0, 0, 0, 0, 0, 0, 0, 0, 0}, 
  {0, 86, 0, 0, 0, 0, 0, 0, 0, 0, 0, 0, 0, 0, 0}, 
  {0, 86, 0, 0, 0, 0, 0, 0, 0, 0, 0, 0, 0, 0, 0}, 
  {0, 86, 0, 0, 0, 0, 0, 0, 0, 0, 0, 0, 0, 0, 0}, 
  {0, 86, 0, 0, 0, 0, 0, 0, 0, 0, 0, 0, 0, 0, 0}, 
  {0, 0, 0, 0, 0, 0, 0, 0, 0, 0, 0, 0, 0, 0, 0}
}, 
  {  {0, 0, 0, 0, 0, 0, 0, 0, 0, 0, 0, 0, 0, 0, 0}, 
  {197, 0, 0, 0, 0, 0, 0, 0, 0, 0, 0, 0, 0, 0, 0}, 
  {0, 0, 0, 0, 0, 0, 0, 0, 0, 0, 0, 0, 0, 0, 0}, 
  {0, 0, 0, 0, 0, 0, 0, 0, 0, 0, 0, 0, 0, 0, 0}, 
  {223, 221, 197, 0, 0, 0, 0, 0, 0, 0, 0, 0, 0, 0, 0}, 
  {0, 0, 86, 0, 0, 0, 0, 0, 0, 0, 0, 0, 0, 0, 0}, 
  {0, 0, 86, 0, 0, 0, 0, 0, 0, 0, 0, 0, 0, 0, 0}, 
  {0, 0, 86, 0, 0, 0, 0, 0, 0, 0, 0, 0, 0, 0, 0}, 
  {0, 0, 86, 0, 0, 0, 0, 0, 0, 0, 0, 0, 0, 0, 0}, 
  {0, 0, 0, 0, 0, 0, 0, 0, 0, 0, 0, 0, 0, 0, 0}
}
  {  {0, 0, 0, 0, 0, 0, 0, 0, 0, 0, 0, 0, 0, 0, 0}, 
  {197, 0, 0, 0, 0, 0, 0, 0, 0, 0, 0, 0, 0, 0, 0}, 
  {0, 0, 0, 0, 0, 0, 0, 0, 0, 0, 0, 0, 0, 0, 0}, 
  {0, 0, 0, 0, 0, 0, 0, 0, 0, 0, 0, 0, 0, 0, 0}, 
  {0, 0, 0, 0, 0, 0, 0, 0, 0, 0, 0, 0, 0, 0, 0}, 
  {223, 221, 197, 0, 0, 0, 0, 0, 0, 0, 0, 0, 0, 0, 0}, 
  {0, 0, 86, 0, 0, 0, 0, 0, 0, 0, 0, 0, 0, 0, 0}, 
  {0, 0, 86, 0, 0, 0, 0, 0, 0, 0, 0, 0, 0, 0, 0}, 
  {0, 0, 86, 0, 0, 0, 0, 0, 0, 0, 0, 0, 0, 0, 0}, 
  {0, 0, 86, 0, 0, 0, 0, 0, 0, 0, 0, 0, 0, 0, 0}
}
  {  {0, 0, 0, 0, 0, 0, 0, 0, 0, 0, 0, 0, 0, 0, 0}, 
  {197, 197, 0, 0, 0, 0, 0, 0, 0, 0, 0, 0, 0, 0, 0}, 
  {197, 0, 0, 0, 0, 0, 0, 0, 0, 0, 0, 0, 0, 0, 0}, 
  {0, 0, 0, 0, 0, 0, 0, 0, 0, 0, 0, 0, 0, 0, 0}, 
  {223, 0, 0, 0, 0, 0, 0, 0, 0, 0, 0, 0, 0, 0, 0}, 
  {223, 221, 197, 0, 0, 0, 0, 0, 0, 0, 0, 0, 0, 0, 0}, 
  {0, 0, 86, 0, 0, 0, 0, 0, 0, 0, 0, 0, 0, 0, 0}, 
  {0, 0, 86, 0, 0, 0, 0, 0, 0, 0, 0, 0, 0, 0, 0}, 
  {0, 0, 86, 0, 0, 0, 0, 0, 0, 0, 0, 0, 0, 0, 0}, 
  {0, 0, 86, 0, 0, 0, 0, 0, 0, 0, 0, 0, 0, 0, 0}
}
  {  {0, 0, 0, 0, 0, 0, 0, 0, 0, 0, 0, 0, 0, 0, 0}, 
  {197, 197, 0, 0, 0, 0, 0, 0, 0, 0, 0, 0, 0, 0, 0}, 
  {197, 0, 0, 0, 0, 0, 0, 0, 0, 0, 0, 0, 0, 0, 0}, 
  {0, 0, 0, 0, 0, 0, 0, 0, 0, 0, 0, 0, 0, 0, 0}, 
  {223, 221, 197, 0, 0, 0, 0, 0, 0, 0, 0, 0, 0, 0, 0}, 
  {0, 0, 86, 0, 0, 0, 0, 0, 0, 0, 0, 0, 0, 0, 0}, 
  {0, 0, 86, 0, 0, 0, 0, 0, 0, 0, 0, 0, 0, 0, 0}, 
  {0, 0, 86, 0, 0, 0, 0, 0, 0, 0, 0, 0, 0, 0, 0}, 
  {0, 0, 86, 0, 0, 0, 0, 0, 0, 0, 0, 0, 0, 0, 0}, 
  {197, 0, 0, 0, 0, 0, 0, 0, 0, 0, 0, 0, 0, 0, 0}
}
  {  {0, 0, 0, 0, 0, 0, 0, 0, 0, 0, 0, 0, 0, 0, 0}, 
  {197, 197, 0, 0, 0, 0, 0, 0, 0, 0, 0, 0, 0, 0, 0}, 
  {197, 0, 0, 0, 0, 0, 0, 0, 0, 0, 0, 0, 0, 0, 0}, 
  {0, 0, 0, 0, 0, 0, 0, 0, 0, 0, 0, 0, 0, 0, 0}, 
  {223, 223, 221, 197, 0, 0, 0, 0, 0, 0, 0, 0, 0, 0, 0}, 
  {0, 0, 0, 86, 0, 0, 0, 0, 0, 0, 0, 0, 0, 0, 0}, 
  {0, 0, 0, 86, 0, 0, 0, 0, 0, 0, 0, 0, 0, 0, 0}, 
  {0, 0, 0, 86, 0, 0, 0, 0, 0, 0, 0, 0, 0, 0, 0}, 
  {0, 0, 0, 86, 0, 0, 0, 0, 0, 0, 0, 0, 0, 0, 0}, 
  {197, 0, 0, 0, 0, 0, 0, 0, 0, 0, 0, 0, 0, 0, 0}
}
  {  {0, 0, 0, 0, 0, 0, 0, 0, 0, 0, 0, 0, 0, 0, 0}, 
  {197, 197, 0, 0, 0, 0, 0, 0, 0, 0, 0, 0, 0, 0, 0}, 
  {197, 0, 0, 0, 0, 0, 0, 0, 0, 0, 0, 0, 0, 0, 0}, 
  {0, 0, 0, 0, 0, 0, 0, 0, 0, 0, 0, 0, 0, 0, 0}, 
  {223, 0, 0, 0, 0, 0, 0, 0, 0, 0, 0, 0, 0, 0, 0}, 
  {223, 223, 221, 197, 0, 0, 0, 0, 0, 0, 0, 0, 0, 0, 0}, 
  {0, 0, 0, 86, 0, 0, 0, 0, 0, 0, 0, 0, 0, 0, 0}, 
  {0, 0, 0, 86, 0, 0, 0, 0, 0, 0, 0, 0, 0, 0, 0}, 
  {0, 0, 0, 86, 0, 0, 0, 0, 0, 0, 0, 0, 0, 0, 0}, 
  {197, 0, 0, 86, 0, 0, 0, 0, 0, 0, 0, 0, 0, 0, 0}
}
  {  {197, 0, 0, 0, 0, 0, 0, 0, 0, 0, 0, 0, 0, 0, 0}, 
  {208, 197, 197, 0, 0, 0, 0, 0, 0, 0, 0, 0, 0, 0, 0}, 
  {197, 197, 0, 0, 0, 0, 0, 0, 0, 0, 0, 0, 0, 0, 0}, 
  {197, 0, 0, 0, 0, 0, 0, 0, 0, 0, 0, 0, 0, 0, 0}, 
  {223, 223, 0, 0, 0, 0, 0, 0, 0, 0, 0, 0, 0, 0, 0}, 
  {223, 223, 221, 197, 0, 0, 0, 0, 0, 0, 0, 0, 0, 0, 0}, 
  {86, 0, 0, 86, 0, 0, 0, 0, 0, 0, 0, 0, 0, 0, 0}, 
  {223, 0, 0, 86, 0, 0, 0, 0, 0, 0, 0, 0, 0, 0, 0}, 
  {197, 0, 0, 86, 0, 0, 0, 0, 0, 0, 0, 0, 0, 0, 0}, 
  {197, 197, 0, 86, 0, 0, 0, 0, 0, 0, 0, 0, 0, 0, 0}
}
  {  {197, 0, 0, 0, 0, 0, 0, 0, 0, 0, 0, 0, 0, 0, 0}, 
  {208, 197, 197, 0, 0, 0, 0, 0, 0, 0, 0, 0, 0, 0, 0}, 
  {197, 197, 0, 0, 0, 0, 0, 0, 0, 0, 0, 0, 0, 0, 0}, 
  {197, 0, 0, 0, 0, 0, 0, 0, 0, 0, 0, 0, 0, 0, 0}, 
  {223, 223, 221, 197, 0, 0, 0, 0, 0, 0, 0, 0, 0, 0, 0}, 
  {223, 0, 0, 86, 0, 0, 0, 0, 0, 0, 0, 0, 0, 0, 0}, 
  {86, 0, 0, 86, 0, 0, 0, 0, 0, 0, 0, 0, 0, 0, 0}, 
  {223, 0, 0, 86, 0, 0, 0, 0, 0, 0, 0, 0, 0, 0, 0}, 
  {197, 0, 0, 86, 0, 0, 0, 0, 0, 0, 0, 0, 0, 0, 0}, 
  {197, 197, 0, 0, 0, 0, 0, 0, 0, 0, 0, 0, 0, 0, 0}
}
  {  {197, 0, 0, 0, 0, 0, 0, 0, 0, 0, 0, 0, 0, 0, 0}, 
  {208, 197, 197, 0, 0, 0, 0, 0, 0, 0, 0, 0, 0, 0, 0}, 
  {197, 197, 0, 0, 0, 0, 0, 0, 0, 0, 0, 0, 0, 0, 0}, 
  {197, 0, 0, 0, 0, 0, 0, 0, 0, 0, 0, 0, 0, 0, 0}, 
  {223, 223, 223, 221, 197, 0, 0, 0, 0, 0, 0, 0, 0, 0, 0}, 
  {223, 0, 0, 0, 86, 0, 0, 0, 0, 0, 0, 0, 0, 0, 0}, 
  {86, 0, 0, 0, 86, 0, 0, 0, 0, 0, 0, 0, 0, 0, 0}, 
  {223, 0, 0, 0, 86, 0, 0, 0, 0, 0, 0, 0, 0, 0, 0}, 
  {197, 0, 0, 0, 86, 0, 0, 0, 0, 0, 0, 0, 0, 0, 0}, 
  {0, 0, 0, 0, 0, 0, 0, 0, 0, 0, 0, 0, 0, 0, 0}
}
  {  {197, 0, 0, 0, 0, 0, 0, 0, 0, 0, 0, 0, 0, 0, 0}, 
  {208, 197, 197, 0, 0, 0, 0, 0, 0, 0, 0, 0, 0, 0, 0}, 
  {197, 197, 0, 0, 0, 0, 0, 0, 0, 0, 0, 0, 0, 0, 0}, 
  {197, 0, 0, 0, 0, 0, 0, 0, 0, 0, 0, 0, 0, 0, 0}, 
  {223, 223, 0, 0, 0, 0, 0, 0, 0, 0, 0, 0, 0, 0, 0}, 
  {223, 223, 223, 221, 197, 0, 0, 0, 0, 0, 0, 0, 0, 0, 0}, 
  {86, 0, 0, 0, 86, 0, 0, 0, 0, 0, 0, 0, 0, 0, 0}, 
  {223, 0, 0, 0, 86, 0, 0, 0, 0, 0, 0, 0, 0, 0, 0}, 
  {197, 0, 0, 0, 86, 0, 0, 0, 0, 0, 0, 0, 0, 0, 0}, 
  {0, 0, 0, 0, 86, 0, 0, 0, 0, 0, 0, 0, 0, 0, 0}
}
  {  {197, 197, 0, 0, 0, 0, 0, 0, 0, 0, 0, 0, 0, 0, 0}, 
  {197, 208, 197, 197, 0, 0, 0, 0, 0, 0, 0, 0, 0, 0, 0}, 
  {197, 197, 197, 0, 0, 0, 0, 0, 0, 0, 0, 0, 0, 0, 0}, 
  {197, 197, 0, 0, 0, 0, 0, 0, 0, 0, 0, 0, 0, 0, 0}, 
  {197, 223, 223, 0, 0, 0, 0, 0, 0, 0, 0, 0, 0, 0, 0}, 
  {223, 223, 223, 221, 197, 0, 0, 0, 0, 0, 0, 0, 0, 0, 0}, 
  {86, 86, 0, 0, 86, 0, 0, 0, 0, 0, 0, 0, 0, 0, 0}, 
  {223, 223, 0, 0, 86, 0, 0, 0, 0, 0, 0, 0, 0, 0, 0}, 
  {197, 197, 0, 0, 86, 0, 0, 0, 0, 0, 0, 0, 0, 0, 0}, 
  {197, 0, 0, 0, 86, 0, 0, 0, 0, 0, 0, 0, 0, 0, 0}
}
  {  {197, 197, 0, 0, 0, 0, 0, 0, 0, 0, 0, 0, 0, 0, 0}, 
  {197, 208, 197, 197, 0, 0, 0, 0, 0, 0, 0, 0, 0, 0, 0}, 
  {197, 197, 197, 0, 0, 0, 0, 0, 0, 0, 0, 0, 0, 0, 0}, 
  {197, 197, 0, 0, 0, 0, 0, 0, 0, 0, 0, 0, 0, 0, 0}, 
  {197, 223, 223, 221, 197, 0, 0, 0, 0, 0, 0, 0, 0, 0, 0}, 
  {223, 223, 0, 0, 86, 0, 0, 0, 0, 0, 0, 0, 0, 0, 0}, 
  {86, 86, 0, 0, 86, 0, 0, 0, 0, 0, 0, 0, 0, 0, 0}, 
  {223, 223, 0, 0, 86, 0, 0, 0, 0, 0, 0, 0, 0, 0, 0}, 
  {197, 197, 0, 0, 86, 0, 0, 0, 0, 0, 0, 0, 0, 0, 0}, 
  {197, 0, 0, 0, 0, 0, 0, 0, 0, 0, 0, 0, 0, 0, 0}
}
  {  {197, 197, 0, 0, 0, 0, 0, 0, 0, 0, 0, 0, 0, 0, 0}, 
  {197, 208, 197, 197, 0, 0, 0, 0, 0, 0, 0, 0, 0, 0, 0}, 
  {197, 197, 197, 0, 0, 0, 0, 0, 0, 0, 0, 0, 0, 0, 0}, 
  {197, 197, 0, 0, 0, 0, 0, 0, 0, 0, 0, 0, 0, 0, 0}, 
  {197, 223, 223, 223, 221, 197, 0, 0, 0, 0, 0, 0, 0, 0, 0}, 
  {223, 223, 0, 0, 0, 86, 0, 0, 0, 0, 0, 0, 0, 0, 0}, 
  {86, 86, 0, 0, 0, 86, 0, 0, 0, 0, 0, 0, 0, 0, 0}, 
  {223, 223, 0, 0, 0, 86, 0, 0, 0, 0, 0, 0, 0, 0, 0}, 
  {0, 197, 0, 0, 0, 86, 0, 0, 0, 0, 0, 0, 0, 0, 0}, 
  {0, 197, 197, 0, 0, 0, 0, 0, 0, 0, 0, 0, 0, 0, 0}
}
  {  {197, 197, 0, 0, 0, 0, 0, 0, 0, 0, 0, 0, 0, 0, 0}, 
  {197, 208, 197, 197, 0, 0, 0, 0, 0, 0, 0, 0, 0, 0, 0}, 
  {197, 197, 197, 0, 0, 0, 0, 0, 0, 0, 0, 0, 0, 0, 0}, 
  {197, 197, 0, 0, 0, 0, 0, 0, 0, 0, 0, 0, 0, 0, 0}, 
  {197, 223, 223, 0, 0, 0, 0, 0, 0, 0, 0, 0, 0, 0, 0}, 
  {223, 223, 223, 223, 221, 197, 0, 0, 0, 0, 0, 0, 0, 0, 0}, 
  {86, 86, 0, 0, 0, 86, 0, 0, 0, 0, 0, 0, 0, 0, 0}, 
  {223, 223, 0, 0, 0, 86, 0, 0, 0, 0, 0, 0, 0, 0, 0}, 
  {0, 197, 0, 0, 0, 86, 0, 0, 0, 0, 0, 0, 0, 0, 0}, 
  {0, 197, 197, 0, 0, 86, 0, 0, 0, 0, 0, 0, 0, 0, 0}
}
  {  {197, 197, 197, 0, 0, 0, 0, 0, 0, 0, 0, 0, 0, 0, 0}, 
  {208, 197, 208, 197, 197, 0, 0, 0, 0, 0, 0, 0, 0, 0, 0}, 
  {197, 197, 197, 197, 0, 0, 0, 0, 0, 0, 0, 0, 0, 0, 0}, 
  {197, 197, 197, 0, 0, 0, 0, 0, 0, 0, 0, 0, 0, 0, 0}, 
  {223, 197, 223, 223, 0, 0, 0, 0, 0, 0, 0, 0, 0, 0, 0}, 
  {223, 223, 223, 223, 221, 197, 0, 0, 0, 0, 0, 0, 0, 0, 0}, 
  {86, 86, 86, 0, 0, 86, 0, 0, 0, 0, 0, 0, 0, 0, 0}, 
  {223, 223, 223, 0, 0, 86, 0, 0, 0, 0, 0, 0, 0, 0, 0}, 
  {0, 0, 197, 0, 0, 86, 0, 0, 0, 0, 0, 0, 0, 0, 0}, 
  {0, 0, 197, 197, 0, 86, 0, 0, 0, 0, 0, 0, 0, 0, 0}
}
  {  {197, 197, 197, 0, 0, 0, 0, 0, 0, 0, 0, 0, 0, 0, 0}, 
  {208, 197, 208, 197, 197, 0, 0, 0, 0, 0, 0, 0, 0, 0, 0}, 
  {197, 197, 197, 197, 0, 0, 0, 0, 0, 0, 0, 0, 0, 0, 0}, 
  {197, 197, 197, 0, 0, 0, 0, 0, 0, 0, 0, 0, 0, 0, 0}, 
  {223, 197, 223, 223, 221, 197, 0, 0, 0, 0, 0, 0, 0, 0, 0}, 
  {223, 223, 223, 0, 0, 86, 0, 0, 0, 0, 0, 0, 0, 0, 0}, 
  {86, 86, 86, 0, 0, 86, 0, 0, 0, 0, 0, 0, 0, 0, 0}, 
  {223, 223, 223, 0, 0, 86, 0, 0, 0, 0, 0, 0, 0, 0, 0}, 
  {0, 0, 197, 0, 0, 86, 0, 0, 0, 0, 0, 0, 0, 0, 0}, 
  {0, 0, 197, 197, 0, 0, 0, 0, 0, 0, 0, 0, 0, 0, 0}
}
  {  {197, 197, 197, 0, 0, 0, 0, 0, 0, 0, 0, 0, 0, 0, 0}, 
  {208, 197, 208, 197, 197, 0, 0, 0, 0, 0, 0, 0, 0, 0, 0}, 
  {197, 197, 197, 197, 0, 0, 0, 0, 0, 0, 0, 0, 0, 0, 0}, 
  {197, 197, 197, 0, 0, 0, 0, 0, 0, 0, 0, 0, 0, 0, 0}, 
  {223, 197, 223, 223, 223, 221, 197, 0, 0, 0, 0, 0, 0, 0, 0}, 
  {223, 223, 223, 0, 0, 0, 86, 0, 0, 0, 0, 0, 0, 0, 0}, 
  {86, 86, 86, 0, 0, 0, 86, 0, 0, 0, 0, 0, 0, 0, 0}, 
  {223, 223, 223, 0, 0, 0, 86, 0, 0, 0, 0, 0, 0, 0, 0}, 
  {0, 0, 197, 0, 0, 0, 86, 0, 0, 0, 0, 0, 0, 0, 0}, 
  {197, 0, 197, 197, 0, 0, 0, 0, 0, 0, 0, 0, 0, 0, 0}
}
  {  {197, 197, 197, 0, 0, 0, 0, 0, 0, 0, 0, 0, 0, 0, 0}, 
  {208, 197, 208, 197, 197, 0, 0, 0, 0, 0, 0, 0, 0, 0, 0}, 
  {197, 197, 197, 197, 0, 0, 0, 0, 0, 0, 0, 0, 0, 0, 0}, 
  {197, 197, 197, 0, 0, 0, 0, 0, 0, 0, 0, 0, 0, 0, 0}, 
  {223, 197, 223, 223, 0, 0, 0, 0, 0, 0, 0, 0, 0, 0, 0}, 
  {223, 223, 223, 223, 223, 221, 197, 0, 0, 0, 0, 0, 0, 0, 0}, 
  {86, 86, 86, 0, 0, 0, 86, 0, 0, 0, 0, 0, 0, 0, 0}, 
  {223, 223, 223, 0, 0, 0, 86, 0, 0, 0, 0, 0, 0, 0, 0}, 
  {0, 197, 197, 0, 0, 0, 86, 0, 0, 0, 0, 0, 0, 0, 0}, 
  {197, 197, 0, 0, 0, 0, 86, 0, 0, 0, 0, 0, 0, 0, 0}
}
  {  {0, 197, 197, 197, 0, 0, 0, 0, 0, 0, 0, 0, 0, 0, 0}, 
  {197, 208, 197, 208, 197, 197, 0, 0, 0, 0, 0, 0, 0, 0, 0}, 
  {197, 197, 197, 197, 197, 0, 0, 0, 0, 0, 0, 0, 0, 0, 0}, 
  {0, 197, 197, 197, 0, 0, 0, 0, 0, 0, 0, 0, 0, 0, 0}, 
  {223, 223, 197, 223, 223, 0, 0, 0, 0, 0, 0, 0, 0, 0, 0}, 
  {223, 223, 223, 223, 223, 221, 197, 0, 0, 0, 0, 0, 0, 0, 0}, 
  {86, 86, 86, 86, 0, 0, 86, 0, 0, 0, 0, 0, 0, 0, 0}, 
  {223, 223, 223, 223, 0, 0, 86, 0, 0, 0, 0, 0, 0, 0, 0}, 
  {197, 0, 197, 197, 0, 0, 86, 0, 0, 0, 0, 0, 0, 0, 0}, 
  {197, 197, 197, 0, 0, 0, 86, 0, 0, 0, 0, 0, 0, 0, 0}
}
  {  {0, 197, 197, 197, 0, 0, 0, 0, 0, 0, 0, 0, 0, 0, 0}, 
  {197, 208, 197, 208, 197, 197, 0, 0, 0, 0, 0, 0, 0, 0, 0}, 
  {197, 197, 197, 197, 197, 0, 0, 0, 0, 0, 0, 0, 0, 0, 0}, 
  {0, 197, 197, 197, 0, 0, 0, 0, 0, 0, 0, 0, 0, 0, 0}, 
  {223, 223, 197, 223, 223, 221, 197, 0, 0, 0, 0, 0, 0, 0, 0}, 
  {223, 223, 223, 223, 0, 0, 86, 0, 0, 0, 0, 0, 0, 0, 0}, 
  {86, 86, 86, 86, 0, 0, 86, 0, 0, 0, 0, 0, 0, 0, 0}, 
  {223, 223, 223, 223, 0, 0, 86, 0, 0, 0, 0, 0, 0, 0, 0}, 
  {197, 0, 197, 197, 0, 0, 86, 0, 0, 0, 0, 0, 0, 0, 0}, 
  {197, 197, 197, 0, 0, 0, 0, 0, 0, 0, 0, 0, 0, 0, 0}
}
  {  {0, 197, 197, 197, 0, 0, 0, 0, 0, 0, 0, 0, 0, 0, 0}, 
  {197, 208, 197, 208, 197, 197, 0, 0, 0, 0, 0, 0, 0, 0, 0}, 
  {197, 197, 197, 197, 197, 0, 0, 0, 0, 0, 0, 0, 0, 0, 0}, 
  {0, 197, 197, 197, 0, 0, 0, 0, 0, 0, 0, 0, 0, 0, 0}, 
  {223, 223, 197, 223, 223, 223, 221, 197, 0, 0, 0, 0, 0, 0, 0}, 
  {223, 223, 223, 223, 0, 0, 0, 86, 0, 0, 0, 0, 0, 0, 0}, 
  {86, 86, 86, 86, 0, 0, 0, 86, 0, 0, 0, 0, 0, 0, 0}, 
  {223, 223, 223, 223, 0, 0, 0, 86, 0, 0, 0, 0, 0, 0, 0}, 
  {197, 0, 197, 197, 0, 0, 0, 86, 0, 0, 0, 0, 0, 0, 0}, 
  {197, 197, 197, 0, 0, 0, 0, 0, 0, 0, 0, 0, 0, 0, 0}
}
  {  {0, 197, 197, 197, 0, 0, 0, 0, 0, 0, 0, 0, 0, 0, 0}, 
  {197, 208, 197, 208, 197, 197, 0, 0, 0, 0, 0, 0, 0, 0, 0}, 
  {197, 197, 197, 197, 197, 0, 0, 0, 0, 0, 0, 0, 0, 0, 0}, 
  {0, 197, 197, 197, 0, 0, 0, 0, 0, 0, 0, 0, 0, 0, 0}, 
  {223, 223, 197, 223, 223, 0, 0, 0, 0, 0, 0, 0, 0, 0, 0}, 
  {223, 223, 223, 223, 223, 223, 221, 197, 0, 0, 0, 0, 0, 0, 0}, 
  {86, 86, 86, 86, 0, 0, 0, 86, 0, 0, 0, 0, 0, 0, 0}, 
  {223, 223, 223, 223, 0, 0, 0, 86, 0, 0, 0, 0, 0, 0, 0}, 
  {197, 0, 0, 197, 0, 0, 0, 86, 0, 0, 0, 0, 0, 0, 0}, 
  {197, 197, 0, 197, 197, 0, 0, 86, 0, 0, 0, 0, 0, 0, 0}
}
  {  {0, 0, 197, 197, 197, 0, 0, 0, 0, 0, 0, 0, 0, 0, 0}, 
  {197, 197, 208, 197, 208, 197, 197, 0, 0, 0, 0, 0, 0, 0, 0}, 
  {197, 197, 197, 197, 197, 197, 0, 0, 0, 0, 0, 0, 0, 0, 0}, 
  {0, 0, 197, 197, 197, 0, 0, 0, 0, 0, 0, 0, 0, 0, 0}, 
  {223, 223, 223, 197, 223, 223, 0, 0, 0, 0, 0, 0, 0, 0, 0}, 
  {223, 223, 223, 223, 223, 223, 221, 197, 0, 0, 0, 0, 0, 0, 0}, 
  {0, 86, 86, 86, 86, 0, 0, 86, 0, 0, 0, 0, 0, 0, 0}, 
  {223, 223, 223, 223, 223, 0, 0, 86, 0, 0, 0, 0, 0, 0, 0}, 
  {197, 197, 0, 0, 197, 0, 0, 86, 0, 0, 0, 0, 0, 0, 0}, 
  {197, 0, 0, 0, 197, 197, 0, 86, 0, 0, 0, 0, 0, 0, 0}
}
  {  {0, 0, 197, 197, 197, 0, 0, 0, 0, 0, 0, 0, 0, 0, 0}, 
  {197, 197, 208, 197, 208, 197, 197, 0, 0, 0, 0, 0, 0, 0, 0}, 
  {197, 197, 197, 197, 197, 197, 0, 0, 0, 0, 0, 0, 0, 0, 0}, 
  {0, 0, 197, 197, 197, 0, 0, 0, 0, 0, 0, 0, 0, 0, 0}, 
  {223, 223, 223, 197, 223, 223, 221, 197, 0, 0, 0, 0, 0, 0, 0}, 
  {223, 223, 223, 223, 223, 0, 0, 86, 0, 0, 0, 0, 0, 0, 0}, 
  {0, 86, 86, 86, 86, 0, 0, 86, 0, 0, 0, 0, 0, 0, 0}, 
  {223, 223, 223, 223, 223, 0, 0, 86, 0, 0, 0, 0, 0, 0, 0}, 
  {197, 197, 0, 0, 197, 0, 0, 86, 0, 0, 0, 0, 0, 0, 0}, 
  {197, 0, 0, 0, 197, 197, 0, 0, 0, 0, 0, 0, 0, 0, 0}
}
  {  {0, 0, 197, 197, 197, 0, 0, 0, 0, 0, 0, 0, 0, 0, 0}, 
  {197, 197, 208, 197, 208, 197, 197, 0, 0, 0, 0, 0, 0, 0, 0}, 
  {197, 197, 197, 197, 197, 197, 0, 0, 0, 0, 0, 0, 0, 0, 0}, 
  {0, 0, 197, 197, 197, 0, 0, 0, 0, 0, 0, 0, 0, 0, 0}, 
  {223, 223, 223, 197, 223, 223, 223, 221, 197, 0, 0, 0, 0, 0, 0}, 
  {223, 223, 223, 223, 223, 0, 0, 0, 86, 0, 0, 0, 0, 0, 0}, 
  {0, 86, 86, 86, 86, 0, 0, 0, 86, 0, 0, 0, 0, 0, 0}, 
  {223, 223, 223, 223, 223, 0, 0, 0, 86, 0, 0, 0, 0, 0, 0}, 
  {197, 197, 0, 0, 197, 0, 0, 0, 86, 0, 0, 0, 0, 0, 0}, 
  {197, 0, 0, 0, 197, 197, 0, 0, 0, 0, 0, 0, 0, 0, 0}
}
  {  {0, 0, 197, 197, 197, 0, 0, 0, 0, 0, 0, 0, 0, 0, 0}, 
  {197, 197, 208, 197, 208, 197, 197, 0, 0, 0, 0, 0, 0, 0, 0}, 
  {197, 197, 197, 197, 197, 197, 0, 0, 0, 0, 0, 0, 0, 0, 0}, 
  {0, 0, 197, 197, 197, 0, 0, 0, 0, 0, 0, 0, 0, 0, 0}, 
  {223, 223, 223, 197, 223, 223, 0, 0, 0, 0, 0, 0, 0, 0, 0}, 
  {223, 223, 223, 223, 223, 223, 223, 221, 197, 0, 0, 0, 0, 0, 0}, 
  {0, 86, 86, 86, 86, 0, 0, 0, 86, 0, 0, 0, 0, 0, 0}, 
  {223, 223, 223, 223, 223, 0, 0, 0, 86, 0, 0, 0, 0, 0, 0}, 
  {0, 197, 0, 0, 197, 0, 0, 0, 86, 0, 0, 0, 0, 0, 0}, 
  {0, 197, 197, 0, 197, 197, 0, 0, 86, 0, 0, 0, 0, 0, 0}
}
  {  {0, 0, 0, 197, 197, 197, 0, 0, 0, 0, 0, 0, 0, 0, 0}, 
  {197, 197, 197, 208, 197, 208, 197, 197, 0, 0, 0, 0, 0, 0, 0}, 
  {0, 197, 197, 197, 197, 197, 197, 0, 0, 0, 0, 0, 0, 0, 0}, 
  {0, 0, 0, 197, 197, 197, 0, 0, 0, 0, 0, 0, 0, 0, 0}, 
  {0, 223, 223, 223, 197, 223, 223, 0, 0, 0, 0, 0, 0, 0, 0}, 
  {223, 223, 223, 223, 223, 223, 223, 221, 197, 0, 0, 0, 0, 0, 0}, 
  {223, 0, 86, 86, 86, 86, 0, 0, 86, 0, 0, 0, 0, 0, 0}, 
  {0, 223, 223, 223, 223, 223, 0, 0, 86, 0, 0, 0, 0, 0, 0}, 
  {0, 0, 197, 0, 197, 197, 0, 0, 86, 0, 0, 0, 0, 0, 0}, 
  {0, 0, 197, 197, 197, 0, 0, 0, 86, 0, 0, 0, 0, 0, 0}
}
  {  {0, 0, 0, 197, 197, 197, 0, 0, 0, 0, 0, 0, 0, 0, 0}, 
  {197, 197, 197, 208, 197, 208, 197, 197, 0, 0, 0, 0, 0, 0, 0}, 
  {0, 197, 197, 197, 197, 197, 197, 0, 0, 0, 0, 0, 0, 0, 0}, 
  {0, 0, 0, 197, 197, 197, 0, 0, 0, 0, 0, 0, 0, 0, 0}, 
  {0, 223, 223, 223, 197, 223, 223, 221, 197, 0, 0, 0, 0, 0, 0}, 
  {223, 223, 223, 223, 223, 223, 0, 0, 86, 0, 0, 0, 0, 0, 0}, 
  {223, 0, 86, 86, 86, 86, 0, 0, 86, 0, 0, 0, 0, 0, 0}, 
  {0, 223, 223, 223, 223, 223, 0, 0, 86, 0, 0, 0, 0, 0, 0}, 
  {0, 0, 197, 0, 197, 197, 0, 0, 86, 0, 0, 0, 0, 0, 0}, 
  {0, 0, 197, 197, 197, 0, 0, 0, 0, 0, 0, 0, 0, 0, 0}
}
  {  {0, 0, 0, 197, 197, 197, 0, 0, 0, 0, 0, 0, 0, 0, 0}, 
  {197, 197, 197, 208, 197, 208, 197, 197, 0, 0, 0, 0, 0, 0, 0}, 
  {0, 197, 197, 197, 197, 197, 197, 0, 0, 0, 0, 0, 0, 0, 0}, 
  {0, 0, 0, 197, 197, 197, 0, 0, 0, 0, 0, 0, 0, 0, 0}, 
  {0, 223, 223, 223, 197, 223, 223, 223, 221, 197, 0, 0, 0, 0, 0}, 
  {223, 223, 223, 223, 223, 223, 0, 0, 0, 86, 0, 0, 0, 0, 0}, 
  {223, 0, 86, 86, 86, 86, 0, 0, 0, 86, 0, 0, 0, 0, 0}, 
  {0, 223, 223, 223, 223, 223, 0, 0, 0, 86, 0, 0, 0, 0, 0}, 
  {0, 0, 197, 0, 197, 197, 0, 0, 0, 86, 0, 0, 0, 0, 0}, 
  {0, 0, 197, 197, 197, 0, 0, 0, 0, 0, 0, 0, 0, 0, 0}
}
  {  {0, 0, 0, 197, 197, 197, 0, 0, 0, 0, 0, 0, 0, 0, 0}, 
  {197, 197, 197, 208, 197, 208, 197, 197, 0, 0, 0, 0, 0, 0, 0}, 
  {0, 197, 197, 197, 197, 197, 197, 0, 0, 0, 0, 0, 0, 0, 0}, 
  {0, 0, 0, 197, 197, 197, 0, 0, 0, 0, 0, 0, 0, 0, 0}, 
  {0, 223, 223, 223, 197, 223, 223, 0, 0, 0, 0, 0, 0, 0, 0}, 
  {223, 223, 223, 223, 223, 223, 223, 223, 221, 197, 0, 0, 0, 0, 0}, 
  {223, 0, 86, 86, 86, 86, 0, 0, 0, 86, 0, 0, 0, 0, 0}, 
  {0, 223, 223, 223, 223, 223, 0, 0, 0, 86, 0, 0, 0, 0, 0}, 
  {0, 0, 197, 0, 197, 197, 0, 0, 0, 86, 0, 0, 0, 0, 0}, 
  {0, 0, 197, 197, 197, 0, 0, 0, 0, 86, 0, 0, 0, 0, 0}
}
  {  {0, 0, 0, 0, 197, 197, 197, 0, 0, 0, 0, 0, 0, 0, 0}, 
  {0, 197, 197, 197, 208, 197, 208, 197, 197, 0, 0, 0, 0, 0, 0}, 
  {0, 0, 197, 197, 197, 197, 197, 197, 0, 0, 0, 0, 0, 0, 0}, 
  {0, 0, 0, 0, 197, 197, 197, 0, 0, 0, 0, 0, 0, 0, 0}, 
  {0, 0, 223, 223, 223, 197, 223, 223, 0, 0, 0, 0, 0, 0, 0}, 
  {0, 223, 223, 223, 223, 223, 223, 223, 221, 197, 0, 0, 0, 0, 0}, 
  {223, 223, 0, 86, 86, 86, 86, 0, 0, 86, 0, 0, 0, 0, 0}, 
  {197, 0, 223, 223, 223, 223, 223, 0, 0, 86, 0, 0, 0, 0, 0}, 
  {0, 0, 0, 197, 0, 0, 197, 0, 0, 86, 0, 0, 0, 0, 0}, 
  {0, 0, 0, 197, 197, 0, 197, 197, 0, 86, 0, 0, 0, 0, 0}
}
  {  {0, 0, 0, 0, 197, 197, 197, 0, 0, 0, 0, 0, 0, 0, 0}, 
  {0, 197, 197, 197, 208, 197, 208, 197, 197, 0, 0, 0, 0, 0, 0}, 
  {0, 0, 197, 197, 197, 197, 197, 197, 0, 0, 0, 0, 0, 0, 0}, 
  {0, 0, 0, 0, 197, 197, 197, 0, 0, 0, 0, 0, 0, 0, 0}, 
  {0, 0, 223, 223, 223, 197, 223, 223, 221, 197, 0, 0, 0, 0, 0}, 
  {0, 223, 223, 223, 223, 223, 223, 0, 0, 86, 0, 0, 0, 0, 0}, 
  {223, 223, 0, 86, 86, 86, 86, 0, 0, 86, 0, 0, 0, 0, 0}, 
  {197, 0, 223, 223, 223, 223, 223, 0, 0, 86, 0, 0, 0, 0, 0}, 
  {0, 0, 197, 197, 0, 0, 197, 0, 0, 86, 0, 0, 0, 0, 0}, 
  {0, 0, 197, 0, 0, 0, 197, 197, 0, 0, 0, 0, 0, 0, 0}
}
  {  {0, 0, 0, 0, 197, 197, 197, 0, 0, 0, 0, 0, 0, 0, 0}, 
  {0, 197, 197, 197, 208, 197, 208, 197, 197, 0, 0, 0, 0, 0, 0}, 
  {0, 0, 197, 197, 197, 197, 197, 197, 0, 0, 0, 0, 0, 0, 0}, 
  {0, 0, 0, 0, 197, 197, 197, 0, 0, 0, 0, 0, 0, 0, 0}, 
  {0, 0, 223, 223, 223, 197, 223, 223, 223, 221, 197, 0, 0, 0, 0}, 
  {0, 223, 223, 223, 223, 223, 223, 0, 0, 0, 86, 0, 0, 0, 0}, 
  {223, 223, 0, 86, 86, 86, 86, 0, 0, 0, 86, 0, 0, 0, 0}, 
  {197, 0, 223, 223, 223, 223, 223, 0, 0, 0, 86, 0, 0, 0, 0}, 
  {0, 0, 197, 197, 0, 0, 197, 0, 0, 0, 86, 0, 0, 0, 0}, 
  {0, 0, 197, 0, 0, 0, 197, 197, 0, 0, 0, 0, 0, 0, 0}
}
  {  {0, 0, 0, 0, 197, 197, 197, 0, 0, 0, 0, 0, 0, 0, 0}, 
  {0, 197, 197, 197, 208, 197, 208, 197, 197, 0, 0, 0, 0, 0, 0}, 
  {0, 0, 197, 197, 197, 197, 197, 197, 0, 0, 0, 0, 0, 0, 0}, 
  {0, 0, 0, 0, 197, 197, 197, 0, 0, 0, 0, 0, 0, 0, 0}, 
  {0, 0, 223, 223, 223, 197, 223, 223, 0, 0, 0, 0, 0, 0, 0}, 
  {0, 223, 223, 223, 223, 223, 223, 223, 223, 221, 197, 0, 0, 0, 0}, 
  {223, 223, 0, 86, 86, 86, 86, 0, 0, 0, 86, 0, 0, 0, 0}, 
  {197, 0, 223, 223, 223, 223, 223, 0, 0, 0, 86, 0, 0, 0, 0}, 
  {0, 0, 197, 197, 0, 0, 197, 0, 0, 0, 86, 0, 0, 0, 0}, 
  {0, 0, 197, 0, 0, 0, 197, 197, 0, 0, 86, 0, 0, 0, 0}
}
  {  {0, 0, 0, 0, 0, 197, 197, 197, 0, 0, 0, 0, 0, 0, 0}, 
  {0, 0, 197, 197, 197, 208, 197, 208, 197, 197, 0, 0, 0, 0, 0}, 
  {0, 0, 0, 197, 197, 197, 197, 197, 197, 0, 0, 0, 0, 0, 0}, 
  {0, 0, 0, 0, 0, 197, 197, 197, 0, 0, 0, 0, 0, 0, 0}, 
  {0, 0, 0, 223, 223, 223, 197, 223, 223, 0, 0, 0, 0, 0, 0}, 
  {0, 0, 223, 223, 223, 223, 223, 223, 223, 221, 197, 0, 0, 0, 0}, 
  {0, 223, 223, 0, 86, 86, 86, 86, 0, 0, 86, 0, 0, 0, 0}, 
  {0, 197, 0, 223, 223, 223, 223, 223, 0, 0, 86, 0, 0, 0, 0}, 
  {0, 0, 0, 0, 197, 0, 0, 197, 0, 0, 86, 0, 0, 0, 0}, 
  {0, 0, 0, 0, 197, 197, 0, 197, 197, 0, 86, 0, 0, 0, 0}
}
  {  {0, 0, 0, 0, 0, 197, 197, 197, 0, 0, 0, 0, 0, 0, 0}, 
  {0, 0, 197, 197, 197, 208, 197, 208, 197, 197, 0, 0, 0, 0, 0}, 
  {0, 0, 0, 197, 197, 197, 197, 197, 197, 0, 0, 0, 0, 0, 0}, 
  {0, 0, 0, 0, 0, 197, 197, 197, 0, 0, 0, 0, 0, 0, 0}, 
  {0, 0, 0, 223, 223, 223, 197, 223, 223, 221, 197, 0, 0, 0, 0}, 
  {0, 0, 223, 223, 223, 223, 223, 223, 0, 0, 86, 0, 0, 0, 0}, 
  {0, 223, 223, 0, 86, 86, 86, 86, 0, 0, 86, 0, 0, 0, 0}, 
  {0, 197, 0, 223, 223, 223, 223, 223, 0, 0, 86, 0, 0, 0, 0}, 
  {0, 0, 0, 0, 197, 0, 197, 197, 0, 0, 86, 0, 0, 0, 0}, 
  {0, 0, 0, 0, 197, 197, 197, 0, 0, 0, 0, 0, 0, 0, 0}
}
  {  {0, 0, 0, 0, 0, 197, 197, 197, 0, 0, 0, 0, 0, 0, 0}, 
  {0, 0, 197, 197, 197, 208, 197, 208, 197, 197, 0, 0, 0, 0, 0}, 
  {0, 0, 0, 197, 197, 197, 197, 197, 197, 0, 0, 0, 0, 0, 0}, 
  {0, 0, 0, 0, 0, 197, 197, 197, 0, 0, 0, 0, 0, 0, 0}, 
  {0, 0, 0, 223, 223, 223, 197, 223, 223, 223, 221, 197, 0, 0, 0}, 
  {0, 0, 223, 223, 223, 223, 223, 223, 0, 0, 0, 86, 0, 0, 0}, 
  {0, 223, 223, 0, 86, 86, 86, 86, 0, 0, 0, 86, 0, 0, 0}, 
  {0, 197, 0, 223, 223, 223, 223, 223, 0, 0, 0, 86, 0, 0, 0}, 
  {0, 0, 0, 0, 197, 0, 197, 197, 0, 0, 0, 86, 0, 0, 0}, 
  {0, 0, 0, 0, 197, 197, 197, 0, 0, 0, 0, 0, 0, 0, 0}
}
  {  {0, 0, 0, 0, 0, 197, 197, 197, 0, 0, 0, 0, 0, 0, 0}, 
  {0, 0, 197, 197, 197, 208, 197, 208, 197, 197, 0, 0, 0, 0, 0}, 
  {0, 0, 0, 197, 197, 197, 197, 197, 197, 0, 0, 0, 0, 0, 0}, 
  {0, 0, 0, 0, 0, 197, 197, 197, 0, 0, 0, 0, 0, 0, 0}, 
  {0, 0, 0, 223, 223, 223, 197, 223, 223, 0, 0, 0, 0, 0, 0}, 
  {0, 0, 223, 223, 223, 223, 223, 223, 223, 223, 221, 197, 0, 0, 0}, 
  {0, 223, 223, 0, 86, 86, 86, 86, 0, 0, 0, 86, 0, 0, 0}, 
  {0, 197, 0, 223, 223, 223, 223, 223, 0, 0, 0, 86, 0, 0, 0}, 
  {0, 0, 0, 0, 197, 0, 197, 197, 0, 0, 0, 86, 0, 0, 0}, 
  {0, 0, 0, 0, 197, 197, 197, 0, 0, 0, 0, 86, 0, 0, 0}
}
  {  {0, 0, 0, 0, 0, 0, 197, 197, 197, 0, 0, 0, 0, 0, 0}, 
  {0, 0, 0, 197, 197, 197, 208, 197, 208, 197, 197, 0, 0, 0, 0}, 
  {0, 0, 0, 0, 197, 197, 197, 197, 197, 197, 0, 0, 0, 0, 0}, 
  {0, 0, 0, 0, 0, 0, 197, 197, 197, 0, 0, 0, 0, 0, 0}, 
  {0, 0, 0, 0, 223, 223, 223, 197, 223, 223, 0, 0, 0, 0, 0}, 
  {0, 0, 0, 223, 223, 223, 223, 223, 223, 223, 221, 197, 0, 0, 0}, 
  {0, 0, 223, 223, 0, 86, 86, 86, 86, 0, 0, 86, 0, 0, 0}, 
  {0, 0, 197, 0, 223, 223, 223, 223, 223, 0, 0, 86, 0, 0, 0}, 
  {0, 0, 0, 0, 0, 197, 0, 197, 197, 0, 0, 86, 0, 0, 0}, 
  {0, 0, 0, 0, 0, 197, 197, 197, 0, 0, 0, 86, 0, 0, 0}
}
  {  {0, 0, 0, 0, 0, 0, 197, 197, 197, 0, 0, 0, 0, 0, 0}, 
  {0, 0, 0, 197, 197, 197, 208, 197, 208, 197, 197, 0, 0, 0, 0}, 
  {0, 0, 0, 0, 197, 197, 197, 197, 197, 197, 0, 0, 0, 0, 0}, 
  {0, 0, 0, 0, 0, 0, 197, 197, 197, 0, 0, 0, 0, 0, 0}, 
  {0, 0, 0, 0, 223, 223, 223, 197, 223, 223, 221, 197, 0, 0, 0}, 
  {0, 0, 0, 223, 223, 223, 223, 223, 223, 0, 0, 86, 0, 0, 0}, 
  {0, 0, 223, 223, 0, 86, 86, 86, 86, 0, 0, 86, 0, 0, 0}, 
  {0, 0, 197, 0, 223, 223, 223, 223, 223, 0, 0, 86, 0, 0, 0}, 
  {0, 0, 0, 0, 0, 197, 0, 0, 197, 0, 0, 86, 0, 0, 0}, 
  {0, 0, 0, 0, 0, 197, 197, 0, 197, 197, 0, 0, 0, 0, 0}
}
  {  {0, 0, 0, 0, 0, 0, 197, 197, 197, 0, 0, 0, 0, 0, 0}, 
  {0, 0, 0, 197, 197, 197, 208, 197, 208, 197, 197, 0, 0, 0, 0}, 
  {0, 0, 0, 0, 197, 197, 197, 197, 197, 197, 0, 0, 0, 0, 0}, 
  {0, 0, 0, 0, 0, 0, 197, 197, 197, 0, 0, 0, 0, 0, 0}, 
  {0, 0, 0, 0, 223, 223, 223, 197, 223, 223, 223, 221, 197, 0, 0}, 
  {0, 0, 0, 223, 223, 223, 223, 223, 223, 0, 0, 0, 86, 0, 0}, 
  {0, 0, 223, 223, 0, 86, 86, 86, 86, 0, 0, 0, 86, 0, 0}, 
  {0, 0, 197, 0, 223, 223, 223, 223, 223, 0, 0, 0, 86, 0, 0}, 
  {0, 0, 0, 0, 197, 197, 0, 0, 197, 0, 0, 0, 86, 0, 0}, 
  {0, 0, 0, 0, 197, 0, 0, 0, 197, 197, 0, 0, 0, 0, 0}
}
  {  {0, 0, 0, 0, 0, 0, 197, 197, 197, 0, 0, 0, 0, 0, 0}, 
  {0, 0, 0, 197, 197, 197, 208, 197, 208, 197, 197, 0, 0, 0, 0}, 
  {0, 0, 0, 0, 197, 197, 197, 197, 197, 197, 0, 0, 0, 0, 0}, 
  {0, 0, 0, 0, 0, 0, 197, 197, 197, 0, 0, 0, 0, 0, 0}, 
  {0, 0, 0, 0, 223, 223, 223, 197, 223, 223, 0, 0, 0, 0, 0}, 
  {0, 0, 0, 223, 223, 223, 223, 223, 223, 223, 223, 221, 197, 0, 0}, 
  {0, 0, 223, 223, 0, 86, 86, 86, 86, 0, 0, 0, 86, 0, 0}, 
  {0, 0, 197, 0, 223, 223, 223, 223, 223, 0, 0, 0, 86, 0, 0}, 
  {0, 0, 0, 0, 197, 197, 0, 0, 197, 0, 0, 0, 86, 0, 0}, 
  {0, 0, 0, 0, 197, 0, 0, 0, 197, 197, 0, 0, 86, 0, 0}
}
  {  {0, 0, 0, 0, 0, 0, 0, 197, 197, 197, 0, 0, 0, 0, 0}, 
  {0, 0, 0, 0, 197, 197, 197, 208, 197, 208, 197, 197, 0, 0, 0}, 
  {0, 0, 0, 0, 0, 197, 197, 197, 197, 197, 197, 0, 0, 0, 0}, 
  {0, 0, 0, 0, 0, 0, 0, 197, 197, 197, 0, 0, 0, 0, 0}, 
  {0, 0, 0, 0, 0, 223, 223, 223, 197, 223, 223, 0, 0, 0, 0}, 
  {0, 0, 0, 0, 223, 223, 223, 223, 223, 223, 223, 221, 197, 0, 0}, 
  {0, 0, 0, 223, 223, 0, 86, 86, 86, 86, 0, 0, 86, 0, 0}, 
  {0, 0, 0, 197, 0, 223, 223, 223, 223, 223, 0, 0, 86, 0, 0}, 
  {0, 0, 0, 0, 0, 197, 197, 0, 0, 197, 0, 0, 86, 0, 0}, 
  {0, 0, 0, 0, 0, 197, 0, 0, 0, 197, 197, 0, 86, 0, 0}
}
  {  {0, 0, 0, 0, 0, 0, 0, 197, 197, 197, 0, 0, 0, 0, 0}, 
  {0, 0, 0, 0, 197, 197, 197, 208, 197, 208, 197, 197, 0, 0, 0}, 
  {0, 0, 0, 0, 0, 197, 197, 197, 197, 197, 197, 0, 0, 0, 0}, 
  {0, 0, 0, 0, 0, 0, 0, 197, 197, 197, 0, 0, 0, 0, 0}, 
  {0, 0, 0, 0, 0, 223, 223, 223, 197, 223, 223, 221, 197, 0, 0}, 
  {0, 0, 0, 0, 223, 223, 223, 223, 223, 223, 0, 0, 86, 0, 0}, 
  {0, 0, 0, 223, 223, 0, 86, 86, 86, 86, 0, 0, 86, 0, 0}, 
  {0, 0, 0, 197, 0, 223, 223, 223, 223, 223, 0, 0, 86, 0, 0}, 
  {0, 0, 0, 0, 0, 0, 197, 0, 0, 197, 0, 0, 86, 0, 0}, 
  {0, 0, 0, 0, 0, 0, 197, 197, 0, 197, 197, 0, 0, 0, 0}
}
  {  {0, 0, 0, 0, 0, 0, 0, 197, 197, 197, 0, 0, 0, 0, 0}, 
  {0, 0, 0, 0, 197, 197, 197, 208, 197, 208, 197, 197, 0, 0, 0}, 
  {0, 0, 0, 0, 0, 197, 197, 197, 197, 197, 197, 0, 0, 0, 0}, 
  {0, 0, 0, 0, 0, 0, 0, 197, 197, 197, 0, 0, 0, 0, 0}, 
  {0, 0, 0, 0, 0, 223, 223, 223, 197, 223, 223, 223, 221, 197, 0}, 
  {0, 0, 0, 0, 223, 223, 223, 223, 223, 223, 0, 0, 0, 86, 0}, 
  {0, 0, 0, 223, 223, 0, 86, 86, 86, 86, 0, 0, 0, 86, 0}, 
  {0, 0, 0, 197, 0, 223, 223, 223, 223, 223, 0, 0, 0, 86, 0}, 
  {0, 0, 0, 0, 0, 0, 197, 0, 197, 197, 0, 0, 0, 86, 0}, 
  {0, 0, 0, 0, 0, 0, 197, 197, 197, 0, 0, 0, 0, 0, 0}
}
  {  {0, 0, 0, 0, 0, 0, 0, 197, 197, 197, 0, 0, 0, 0, 0}, 
  {0, 0, 0, 0, 197, 197, 197, 208, 197, 208, 197, 197, 0, 0, 0}, 
  {0, 0, 0, 0, 0, 197, 197, 197, 197, 197, 197, 0, 0, 0, 0}, 
  {0, 0, 0, 0, 0, 0, 0, 197, 197, 197, 0, 0, 0, 0, 0}, 
  {0, 0, 0, 0, 0, 223, 223, 223, 197, 223, 223, 0, 0, 0, 0}, 
  {0, 0, 0, 0, 223, 223, 223, 223, 223, 223, 223, 223, 221, 197, 0}, 
  {0, 0, 0, 223, 223, 0, 86, 86, 86, 86, 0, 0, 0, 86, 0}, 
  {0, 0, 0, 197, 0, 223, 223, 223, 223, 223, 0, 0, 0, 86, 0}, 
  {0, 0, 0, 0, 0, 0, 197, 0, 197, 197, 0, 0, 0, 86, 0}, 
  {0, 0, 0, 0, 0, 0, 197, 197, 197, 0, 0, 0, 0, 86, 0}
}
  {  {0, 0, 0, 0, 0, 0, 0, 0, 197, 197, 197, 0, 0, 0, 0}, 
  {0, 0, 0, 0, 0, 197, 197, 197, 208, 197, 208, 197, 197, 0, 0}, 
  {0, 0, 0, 0, 0, 0, 197, 197, 197, 197, 197, 197, 0, 0, 0}, 
  {0, 0, 0, 0, 0, 0, 0, 0, 197, 197, 197, 0, 0, 0, 0}, 
  {0, 0, 0, 0, 0, 0, 223, 223, 223, 197, 223, 223, 0, 0, 0}, 
  {0, 0, 0, 0, 0, 223, 223, 223, 223, 223, 223, 223, 221, 197, 0}, 
  {0, 0, 0, 0, 223, 223, 0, 86, 86, 86, 86, 0, 0, 86, 0}, 
  {0, 0, 0, 0, 197, 0, 223, 223, 223, 223, 223, 0, 0, 86, 0}, 
  {0, 0, 0, 0, 0, 0, 0, 197, 0, 197, 197, 0, 0, 86, 0}, 
  {0, 0, 0, 0, 0, 0, 0, 197, 197, 197, 0, 0, 0, 86, 0}
}
  {  {0, 0, 0, 0, 0, 0, 0, 0, 197, 197, 197, 0, 0, 0, 0}, 
  {0, 0, 0, 0, 0, 197, 197, 197, 208, 197, 208, 197, 197, 0, 0}, 
  {0, 0, 0, 0, 0, 0, 197, 197, 197, 197, 197, 197, 0, 0, 0}, 
  {0, 0, 0, 0, 0, 0, 0, 0, 197, 197, 197, 0, 0, 0, 0}, 
  {0, 0, 0, 0, 0, 0, 223, 223, 223, 197, 223, 223, 221, 197, 0}, 
  {0, 0, 0, 0, 0, 223, 223, 223, 223, 223, 223, 0, 0, 86, 0}, 
  {0, 0, 0, 0, 223, 223, 0, 86, 86, 86, 86, 0, 0, 86, 0}, 
  {0, 0, 0, 0, 197, 0, 223, 223, 223, 223, 223, 0, 0, 86, 0}, 
  {0, 0, 0, 0, 0, 0, 0, 197, 0, 197, 197, 0, 0, 86, 0}, 
  {0, 0, 0, 0, 0, 0, 0, 197, 197, 197, 0, 0, 0, 0, 0}
}
  {  {0, 0, 0, 0, 0, 0, 0, 0, 197, 197, 197, 0, 0, 0, 0}, 
  {0, 0, 0, 0, 0, 197, 197, 197, 208, 197, 208, 197, 197, 0, 0}, 
  {0, 0, 0, 0, 0, 0, 197, 197, 197, 197, 197, 197, 0, 0, 0}, 
  {0, 0, 0, 0, 0, 0, 0, 0, 197, 197, 197, 0, 0, 0, 0}, 
  {0, 0, 0, 0, 0, 0, 223, 223, 223, 197, 223, 223, 223, 221, 197}, 
  {0, 0, 0, 0, 0, 223, 223, 223, 223, 223, 223, 0, 0, 0, 86}, 
  {0, 0, 0, 0, 223, 223, 0, 86, 86, 86, 86, 0, 0, 0, 86}, 
  {0, 0, 0, 0, 197, 0, 223, 223, 223, 223, 223, 0, 0, 0, 86}, 
  {0, 0, 0, 0, 0, 0, 0, 197, 0, 0, 197, 0, 0, 0, 86}, 
  {0, 0, 0, 0, 0, 0, 0, 197, 197, 0, 197, 197, 0, 0, 0}
}
  {  {0, 0, 0, 0, 0, 0, 0, 0, 197, 197, 197, 0, 0, 0, 0}, 
  {0, 0, 0, 0, 0, 197, 197, 197, 208, 197, 208, 197, 197, 0, 0}, 
  {0, 0, 0, 0, 0, 0, 197, 197, 197, 197, 197, 197, 0, 0, 0}, 
  {0, 0, 0, 0, 0, 0, 0, 0, 197, 197, 197, 0, 0, 0, 0}, 
  {0, 0, 0, 0, 0, 0, 223, 223, 223, 197, 223, 223, 0, 0, 0}, 
  {0, 0, 0, 0, 0, 223, 223, 223, 223, 223, 223, 223, 223, 221, 197}, 
  {0, 0, 0, 0, 223, 223, 0, 86, 86, 86, 86, 0, 0, 0, 86}, 
  {0, 0, 0, 0, 197, 0, 223, 223, 223, 223, 223, 0, 0, 0, 86}, 
  {0, 0, 0, 0, 0, 0, 197, 197, 0, 0, 197, 0, 0, 0, 86}, 
  {0, 0, 0, 0, 0, 0, 197, 0, 0, 0, 197, 197, 0, 0, 86}
}
  {  {0, 0, 0, 0, 0, 0, 0, 0, 0, 197, 197, 197, 0, 0, 0}, 
  {0, 0, 0, 0, 0, 0, 197, 197, 197, 208, 197, 208, 197, 197, 0}, 
  {0, 0, 0, 0, 0, 0, 0, 197, 197, 197, 197, 197, 197, 0, 0}, 
  {0, 0, 0, 0, 0, 0, 0, 0, 0, 197, 197, 197, 0, 0, 0}, 
  {0, 0, 0, 0, 0, 0, 0, 223, 223, 223, 197, 223, 223, 0, 0}, 
  {0, 0, 0, 0, 0, 0, 223, 223, 223, 223, 223, 223, 223, 221, 197}, 
  {0, 0, 0, 0, 0, 223, 223, 0, 86, 86, 86, 86, 0, 0, 86}, 
  {0, 0, 0, 0, 0, 197, 0, 223, 223, 223, 223, 223, 0, 0, 86}, 
  {0, 0, 0, 0, 0, 0, 0, 197, 197, 0, 0, 197, 0, 0, 86}, 
  {0, 0, 0, 0, 0, 0, 0, 197, 0, 0, 0, 197, 197, 0, 86}
}
  {  {0, 0, 0, 0, 0, 0, 0, 0, 0, 197, 197, 197, 0, 0, 0}, 
  {0, 0, 0, 0, 0, 0, 197, 197, 197, 208, 197, 208, 197, 197, 0}, 
  {0, 0, 0, 0, 0, 0, 0, 197, 197, 197, 197, 197, 197, 0, 0}, 
  {0, 0, 0, 0, 0, 0, 0, 0, 0, 197, 197, 197, 0, 0, 0}, 
  {0, 0, 0, 0, 0, 0, 0, 223, 223, 223, 197, 223, 223, 221, 197}, 
  {0, 0, 0, 0, 0, 0, 223, 223, 223, 223, 223, 223, 0, 0, 86}, 
  {0, 0, 0, 0, 0, 223, 223, 0, 86, 86, 86, 86, 0, 0, 86}, 
  {0, 0, 0, 0, 0, 197, 0, 223, 223, 223, 223, 223, 0, 0, 86}, 
  {0, 0, 0, 0, 0, 0, 0, 197, 197, 0, 0, 197, 0, 0, 86}, 
  {0, 0, 0, 0, 0, 0, 0, 197, 0, 0, 0, 197, 197, 0, 0}
}
  {  {0, 0, 0, 0, 0, 0, 0, 0, 0, 197, 197, 197, 0, 0, 0}, 
  {0, 0, 0, 0, 0, 0, 197, 197, 197, 208, 197, 208, 197, 197, 0}, 
  {0, 0, 0, 0, 0, 0, 0, 197, 197, 197, 197, 197, 197, 0, 0}, 
  {0, 0, 0, 0, 0, 0, 0, 0, 0, 197, 197, 197, 0, 0, 0}, 
  {0, 0, 0, 0, 0, 0, 0, 223, 223, 223, 197, 223, 223, 223, 221}, 
  {0, 0, 0, 0, 0, 0, 223, 223, 223, 223, 223, 223, 0, 0, 0}, 
  {0, 0, 0, 0, 0, 223, 223, 0, 86, 86, 86, 86, 0, 0, 0}, 
  {0, 0, 0, 0, 0, 197, 0, 223, 223, 223, 223, 223, 0, 0, 0}, 
  {0, 0, 0, 0, 0, 0, 0, 0, 197, 0, 0, 197, 0, 0, 0}, 
  {0, 0, 0, 0, 0, 0, 0, 0, 197, 197, 0, 197, 197, 0, 0}
}
  {  {0, 0, 0, 0, 0, 0, 0, 0, 0, 197, 197, 197, 0, 0, 0}, 
  {0, 0, 0, 0, 0, 0, 197, 197, 197, 208, 197, 208, 197, 197, 0}, 
  {0, 0, 0, 0, 0, 0, 0, 197, 197, 197, 197, 197, 197, 0, 0}, 
  {0, 0, 0, 0, 0, 0, 0, 0, 0, 197, 197, 197, 0, 0, 0}, 
  {0, 0, 0, 0, 0, 0, 0, 223, 223, 223, 197, 223, 223, 0, 0}, 
  {0, 0, 0, 0, 0, 0, 223, 223, 223, 223, 223, 223, 223, 223, 221}, 
  {0, 0, 0, 0, 0, 223, 223, 0, 86, 86, 86, 86, 0, 0, 0}, 
  {0, 0, 0, 0, 0, 197, 0, 223, 223, 223, 223, 223, 0, 0, 0}, 
  {0, 0, 0, 0, 0, 0, 0, 0, 197, 0, 197, 197, 0, 0, 0}, 
  {0, 0, 0, 0, 0, 0, 0, 0, 197, 197, 197, 0, 0, 0, 0}
}
  {  {0, 0, 0, 0, 0, 0, 0, 0, 0, 0, 197, 197, 197, 0, 0}, 
  {0, 0, 0, 0, 0, 0, 0, 197, 197, 197, 208, 197, 208, 197, 197}, 
  {0, 0, 0, 0, 0, 0, 0, 0, 197, 197, 197, 197, 197, 197, 0}, 
  {0, 0, 0, 0, 0, 0, 0, 0, 0, 0, 197, 197, 197, 0, 0}, 
  {0, 0, 0, 0, 0, 0, 0, 0, 223, 223, 223, 197, 223, 223, 0}, 
  {0, 0, 0, 0, 0, 0, 0, 223, 223, 223, 223, 223, 223, 223, 221}, 
  {0, 0, 0, 0, 0, 0, 223, 223, 0, 86, 86, 86, 86, 0, 0}, 
  {0, 0, 0, 0, 0, 0, 197, 0, 223, 223, 223, 223, 223, 0, 0}, 
  {0, 0, 0, 0, 0, 0, 0, 0, 0, 197, 0, 197, 197, 0, 0}, 
  {0, 0, 0, 0, 0, 0, 0, 0, 0, 197, 197, 197, 0, 0, 0}
}
  {  {0, 0, 0, 0, 0, 0, 0, 0, 0, 0, 197, 197, 197, 0, 0}, 
  {0, 0, 0, 0, 0, 0, 0, 197, 197, 197, 208, 197, 208, 197, 197}, 
  {0, 0, 0, 0, 0, 0, 0, 0, 197, 197, 197, 197, 197, 197, 0}, 
  {0, 0, 0, 0, 0, 0, 0, 0, 0, 0, 197, 197, 197, 0, 0}, 
  {0, 0, 0, 0, 0, 0, 0, 0, 223, 223, 223, 197, 223, 223, 221}, 
  {0, 0, 0, 0, 0, 0, 0, 223, 223, 223, 223, 223, 223, 0, 0}, 
  {0, 0, 0, 0, 0, 0, 223, 223, 0, 86, 86, 86, 86, 0, 0}, 
  {0, 0, 0, 0, 0, 0, 197, 0, 223, 223, 223, 223, 223, 0, 0}, 
  {0, 0, 0, 0, 0, 0, 0, 0, 0, 197, 0, 197, 197, 0, 0}, 
  {0, 0, 0, 0, 0, 0, 0, 0, 0, 197, 197, 197, 0, 0, 0}
}
  {  {0, 0, 0, 0, 0, 0, 0, 0, 0, 0, 197, 197, 197, 0, 0}, 
  {0, 0, 0, 0, 0, 0, 0, 197, 197, 197, 208, 197, 208, 197, 197}, 
  {0, 0, 0, 0, 0, 0, 0, 0, 197, 197, 197, 197, 197, 197, 0}, 
  {0, 0, 0, 0, 0, 0, 0, 0, 0, 0, 197, 197, 197, 0, 0}, 
  {0, 0, 0, 0, 0, 0, 0, 0, 223, 223, 223, 197, 223, 223, 223}, 
  {0, 0, 0, 0, 0, 0, 0, 223, 223, 223, 223, 223, 223, 0, 0}, 
  {0, 0, 0, 0, 0, 0, 223, 223, 0, 86, 86, 86, 86, 0, 0}, 
  {0, 0, 0, 0, 0, 0, 197, 0, 223, 223, 223, 223, 223, 0, 0}, 
  {0, 0, 0, 0, 0, 0, 0, 0, 0, 197, 0, 197, 197, 0, 0}, 
  {0, 0, 0, 0, 0, 0, 0, 0, 0, 197, 197, 197, 0, 0, 0}
}
  {  {0, 0, 0, 0, 0, 0, 0, 0, 0, 0, 197, 197, 197, 0, 0}, 
  {0, 0, 0, 0, 0, 0, 0, 197, 197, 197, 208, 197, 208, 197, 197}, 
  {0, 0, 0, 0, 0, 0, 0, 0, 197, 197, 197, 197, 197, 197, 0}, 
  {0, 0, 0, 0, 0, 0, 0, 0, 0, 0, 197, 197, 197, 0, 0}, 
  {0, 0, 0, 0, 0, 0, 0, 0, 223, 223, 223, 197, 223, 223, 0}, 
  {0, 0, 0, 0, 0, 0, 0, 223, 223, 223, 223, 223, 223, 223, 223}, 
  {0, 0, 0, 0, 0, 0, 223, 223, 0, 86, 86, 86, 86, 0, 0}, 
  {0, 0, 0, 0, 0, 0, 197, 0, 223, 223, 223, 223, 223, 0, 0}, 
  {0, 0, 0, 0, 0, 0, 0, 0, 0, 197, 0, 0, 197, 0, 0}, 
  {0, 0, 0, 0, 0, 0, 0, 0, 0, 197, 197, 0, 197, 197, 0}
}
  {  {0, 0, 0, 0, 0, 0, 0, 0, 0, 0, 0, 197, 197, 197, 0}, 
  {0, 0, 0, 0, 0, 0, 0, 0, 197, 197, 197, 208, 197, 208, 197}, 
  {0, 0, 0, 0, 0, 0, 0, 0, 0, 197, 197, 197, 197, 197, 197}, 
  {0, 0, 0, 0, 0, 0, 0, 0, 0, 0, 0, 197, 197, 197, 0}, 
  {0, 0, 0, 0, 0, 0, 0, 0, 0, 223, 223, 223, 197, 223, 223}, 
  {0, 0, 0, 0, 0, 0, 0, 0, 223, 223, 223, 223, 223, 223, 223}, 
  {0, 0, 0, 0, 0, 0, 0, 223, 223, 0, 86, 86, 86, 86, 0}, 
  {0, 0, 0, 0, 0, 0, 0, 197, 0, 223, 223, 223, 223, 223, 0}, 
  {0, 0, 0, 0, 0, 0, 0, 0, 0, 197, 197, 0, 0, 197, 0}, 
  {0, 0, 0, 0, 0, 0, 0, 0, 0, 197, 0, 0, 0, 197, 197}
}
  {  {0, 0, 0, 0, 0, 0, 0, 0, 0, 0, 0, 197, 197, 197, 0}, 
  {0, 0, 0, 0, 0, 0, 0, 0, 197, 197, 197, 208, 197, 208, 197}, 
  {0, 0, 0, 0, 0, 0, 0, 0, 0, 197, 197, 197, 197, 197, 197}, 
  {0, 0, 0, 0, 0, 0, 0, 0, 0, 0, 0, 197, 197, 197, 0}, 
  {0, 0, 0, 0, 0, 0, 0, 0, 0, 223, 223, 223, 197, 223, 223}, 
  {0, 0, 0, 0, 0, 0, 0, 0, 223, 223, 223, 223, 223, 223, 0}, 
  {0, 0, 0, 0, 0, 0, 0, 223, 223, 0, 86, 86, 86, 86, 0}, 
  {0, 0, 0, 0, 0, 0, 0, 197, 0, 223, 223, 223, 223, 223, 0}, 
  {0, 0, 0, 0, 0, 0, 0, 0, 0, 197, 197, 0, 0, 197, 0}, 
  {0, 0, 0, 0, 0, 0, 0, 0, 0, 197, 0, 0, 0, 197, 197}
}
  {  {0, 0, 0, 0, 0, 0, 0, 0, 0, 0, 0, 197, 197, 197, 0}, 
  {0, 0, 0, 0, 0, 0, 0, 0, 197, 197, 197, 208, 197, 208, 197}, 
  {0, 0, 0, 0, 0, 0, 0, 0, 0, 197, 197, 197, 197, 197, 197}, 
  {0, 0, 0, 0, 0, 0, 0, 0, 0, 0, 0, 197, 197, 197, 0}, 
  {0, 0, 0, 0, 0, 0, 0, 0, 0, 223, 223, 223, 197, 223, 223}, 
  {0, 0, 0, 0, 0, 0, 0, 0, 223, 223, 223, 223, 223, 223, 0}, 
  {0, 0, 0, 0, 0, 0, 0, 223, 223, 0, 86, 86, 86, 86, 0}, 
  {0, 0, 0, 0, 0, 0, 0, 197, 0, 223, 223, 223, 223, 223, 0}, 
  {0, 0, 0, 0, 0, 0, 0, 0, 0, 197, 197, 0, 0, 197, 0}, 
  {0, 0, 0, 0, 0, 0, 0, 0, 0, 208, 0, 0, 0, 197, 197}
}
  {  {0, 0, 0, 0, 0, 0, 0, 0, 0, 0, 0, 197, 197, 197, 0}, 
  {0, 0, 0, 0, 0, 0, 0, 0, 197, 197, 197, 208, 197, 208, 197}, 
  {0, 0, 0, 0, 0, 0, 0, 0, 0, 197, 197, 197, 197, 197, 197}, 
  {0, 0, 0, 0, 0, 0, 0, 0, 0, 0, 0, 197, 197, 197, 0}, 
  {0, 0, 0, 0, 0, 0, 0, 0, 0, 223, 223, 223, 197, 223, 223}, 
  {0, 0, 0, 0, 0, 0, 0, 0, 223, 223, 223, 223, 223, 223, 223}, 
  {0, 0, 0, 0, 0, 0, 0, 223, 223, 0, 86, 86, 86, 86, 0}, 
  {0, 0, 0, 0, 0, 0, 0, 197, 0, 223, 223, 223, 223, 223, 0}, 
  {0, 0, 0, 0, 0, 0, 0, 0, 0, 0, 197, 0, 0, 197, 0}, 
  {0, 0, 0, 0, 0, 0, 0, 0, 0, 0, 197, 197, 0, 197, 197}
}
  {  {0, 0, 0, 0, 0, 0, 0, 0, 0, 0, 0, 0, 197, 197, 197}, 
  {0, 0, 0, 0, 0, 0, 0, 0, 0, 197, 197, 197, 208, 197, 208}, 
  {0, 0, 0, 0, 0, 0, 0, 0, 0, 0, 197, 197, 197, 197, 197}, 
  {0, 0, 0, 0, 0, 0, 0, 0, 0, 0, 0, 0, 197, 197, 197}, 
  {0, 0, 0, 0, 0, 0, 0, 0, 0, 0, 223, 223, 223, 197, 223}, 
  {0, 0, 0, 0, 0, 0, 0, 0, 0, 223, 223, 223, 223, 223, 223}, 
  {0, 0, 0, 0, 0, 0, 0, 0, 223, 223, 0, 86, 86, 86, 86}, 
  {0, 0, 0, 0, 0, 0, 0, 0, 197, 0, 223, 223, 223, 223, 223}, 
  {0, 0, 0, 0, 0, 0, 0, 0, 0, 0, 0, 197, 0, 197, 197}, 
  {0, 0, 0, 0, 0, 0, 0, 0, 0, 0, 0, 197, 197, 197, 0}
}
  {  {0, 0, 0, 0, 0, 0, 0, 0, 0, 0, 0, 0, 197, 197, 197}, 
  {0, 0, 0, 0, 0, 0, 0, 0, 0, 197, 197, 197, 208, 197, 208}, 
  {0, 0, 0, 0, 0, 0, 0, 0, 0, 0, 197, 197, 197, 197, 197}, 
  {0, 0, 0, 0, 0, 0, 0, 0, 0, 0, 0, 0, 197, 197, 197}, 
  {0, 0, 0, 0, 0, 0, 0, 0, 0, 0, 223, 223, 223, 197, 223}, 
  {0, 0, 0, 0, 0, 0, 0, 0, 0, 223, 223, 223, 223, 223, 223}, 
  {0, 0, 0, 0, 0, 0, 0, 0, 223, 223, 0, 86, 86, 86, 86}, 
  {0, 0, 0, 0, 0, 0, 0, 0, 197, 0, 223, 223, 223, 223, 223}, 
  {0, 0, 0, 0, 0, 0, 0, 0, 0, 0, 0, 197, 0, 197, 197}, 
  {0, 0, 0, 0, 0, 0, 0, 0, 0, 0, 0, 197, 197, 197, 0}
}
  {  {0, 0, 0, 0, 0, 0, 0, 0, 0, 0, 0, 0, 197, 197, 197}, 
  {0, 0, 0, 0, 0, 0, 0, 0, 0, 197, 197, 197, 208, 197, 208}, 
  {0, 0, 0, 0, 0, 0, 0, 0, 0, 0, 197, 197, 197, 197, 197}, 
  {0, 0, 0, 0, 0, 0, 0, 0, 0, 0, 0, 0, 197, 197, 197}, 
  {0, 0, 0, 0, 0, 0, 0, 0, 0, 0, 223, 223, 223, 197, 223}, 
  {0, 0, 0, 0, 0, 0, 0, 0, 0, 223, 223, 223, 223, 223, 223}, 
  {0, 0, 0, 0, 0, 0, 0, 0, 223, 223, 0, 86, 86, 86, 86}, 
  {0, 0, 0, 0, 0, 0, 0, 0, 197, 0, 223, 223, 223, 223, 223}, 
  {0, 0, 0, 0, 0, 0, 0, 0, 0, 0, 0, 197, 0, 197, 197}, 
  {0, 0, 0, 0, 0, 0, 0, 0, 0, 0, 0, 197, 197, 197, 0}
}
  {  {0, 0, 0, 0, 0, 0, 0, 0, 0, 0, 0, 0, 197, 197, 197}, 
  {0, 0, 0, 0, 0, 0, 0, 0, 0, 197, 197, 197, 208, 197, 208}, 
  {0, 0, 0, 0, 0, 0, 0, 0, 0, 0, 197, 197, 197, 197, 197}, 
  {0, 0, 0, 0, 0, 0, 0, 0, 0, 0, 0, 0, 197, 197, 197}, 
  {0, 0, 0, 0, 0, 0, 0, 0, 0, 0, 223, 223, 223, 197, 223}, 
  {0, 0, 0, 0, 0, 0, 0, 0, 0, 223, 223, 223, 223, 223, 223}, 
  {0, 0, 0, 0, 0, 0, 0, 0, 223, 223, 0, 86, 86, 86, 86}, 
  {0, 0, 0, 0, 0, 0, 0, 0, 197, 0, 223, 223, 223, 223, 223}, 
  {0, 0, 0, 0, 0, 0, 0, 0, 0, 0, 0, 197, 0, 197, 197}, 
  {0, 0, 0, 0, 0, 0, 0, 0, 0, 0, 0, 197, 197, 197, 0}
}
  {  {0, 0, 0, 0, 0, 0, 0, 0, 0, 0, 0, 0, 0, 197, 197}, 
  {0, 0, 0, 0, 0, 0, 0, 0, 0, 0, 197, 197, 197, 208, 197}, 
  {0, 0, 0, 0, 0, 0, 0, 0, 0, 0, 0, 197, 197, 197, 197}, 
  {0, 0, 0, 0, 0, 0, 0, 0, 0, 0, 0, 0, 0, 197, 197}, 
  {0, 0, 0, 0, 0, 0, 0, 0, 0, 0, 0, 223, 223, 223, 197}, 
  {0, 0, 0, 0, 0, 0, 0, 0, 0, 0, 223, 223, 223, 223, 223}, 
  {0, 0, 0, 0, 0, 0, 0, 0, 0, 223, 223, 0, 86, 86, 86}, 
  {0, 0, 0, 0, 0, 0, 0, 0, 0, 197, 0, 223, 223, 223, 223}, 
  {0, 0, 0, 0, 0, 0, 0, 0, 0, 0, 0, 0, 197, 0, 0}, 
  {0, 0, 0, 0, 0, 0, 0, 0, 0, 0, 0, 0, 197, 197, 0}
}
  {  {0, 0, 0, 0, 0, 0, 0, 0, 0, 0, 0, 0, 0, 197, 197}, 
  {0, 0, 0, 0, 0, 0, 0, 0, 0, 0, 197, 197, 197, 208, 197}, 
  {0, 0, 0, 0, 0, 0, 0, 0, 0, 0, 0, 197, 197, 197, 197}, 
  {0, 0, 0, 0, 0, 0, 0, 0, 0, 0, 0, 0, 0, 197, 197}, 
  {0, 0, 0, 0, 0, 0, 0, 0, 0, 0, 0, 223, 223, 223, 197}, 
  {0, 0, 0, 0, 0, 0, 0, 0, 0, 0, 223, 223, 223, 223, 223}, 
  {0, 0, 0, 0, 0, 0, 0, 0, 0, 223, 223, 0, 86, 86, 86}, 
  {0, 0, 0, 0, 0, 0, 0, 0, 0, 197, 0, 223, 223, 223, 223}, 
  {0, 0, 0, 0, 0, 0, 0, 0, 0, 0, 0, 197, 197, 0, 0}, 
  {0, 0, 0, 0, 0, 0, 0, 0, 0, 0, 0, 197, 0, 0, 0}
}
  {  {0, 0, 0, 0, 0, 0, 0, 0, 0, 0, 0, 0, 0, 197, 197}, 
  {0, 0, 0, 0, 0, 0, 0, 0, 0, 0, 197, 197, 197, 208, 197}, 
  {0, 0, 0, 0, 0, 0, 0, 0, 0, 0, 0, 197, 197, 197, 197}, 
  {0, 0, 0, 0, 0, 0, 0, 0, 0, 0, 0, 0, 0, 197, 197}, 
  {0, 0, 0, 0, 0, 0, 0, 0, 0, 0, 0, 223, 223, 223, 197}, 
  {0, 0, 0, 0, 0, 0, 0, 0, 0, 0, 223, 223, 223, 223, 223}, 
  {0, 0, 0, 0, 0, 0, 0, 0, 0, 223, 223, 0, 86, 86, 86}, 
  {0, 0, 0, 0, 0, 0, 0, 0, 0, 197, 0, 223, 223, 223, 223}, 
  {0, 0, 0, 0, 0, 0, 0, 0, 0, 0, 0, 197, 197, 0, 0}, 
  {0, 0, 0, 0, 0, 0, 0, 0, 0, 0, 0, 197, 0, 0, 0}
}
  {  {0, 0, 0, 0, 0, 0, 0, 0, 0, 0, 0, 0, 0, 197, 197}, 
  {0, 0, 0, 0, 0, 0, 0, 0, 0, 0, 197, 197, 197, 208, 197}, 
  {0, 0, 0, 0, 0, 0, 0, 0, 0, 0, 0, 197, 197, 197, 197}, 
  {0, 0, 0, 0, 0, 0, 0, 0, 0, 0, 0, 0, 0, 197, 197}, 
  {0, 0, 0, 0, 0, 0, 0, 0, 0, 0, 0, 223, 223, 223, 197}, 
  {0, 0, 0, 0, 0, 0, 0, 0, 0, 0, 223, 223, 223, 223, 223}, 
  {0, 0, 0, 0, 0, 0, 0, 0, 0, 223, 223, 0, 86, 86, 86}, 
  {0, 0, 0, 0, 0, 0, 0, 0, 0, 197, 0, 223, 223, 223, 223}, 
  {0, 0, 0, 0, 0, 0, 0, 0, 0, 0, 0, 197, 197, 0, 0}, 
  {0, 0, 0, 0, 0, 0, 0, 0, 0, 0, 0, 197, 0, 0, 0}
}
  {  {0, 0, 0, 0, 0, 0, 0, 0, 0, 0, 0, 0, 0, 0, 197}, 
  {0, 0, 0, 0, 0, 0, 0, 0, 0, 0, 0, 197, 197, 197, 208}, 
  {0, 0, 0, 0, 0, 0, 0, 0, 0, 0, 0, 0, 197, 197, 197}, 
  {0, 0, 0, 0, 0, 0, 0, 0, 0, 0, 0, 0, 0, 0, 197}, 
  {0, 0, 0, 0, 0, 0, 0, 0, 0, 0, 0, 0, 223, 223, 223}, 
  {0, 0, 0, 0, 0, 0, 0, 0, 0, 0, 0, 223, 223, 223, 223}, 
  {0, 0, 0, 0, 0, 0, 0, 0, 0, 0, 223, 223, 0, 86, 86}, 
  {0, 0, 0, 0, 0, 0, 0, 0, 0, 0, 197, 0, 223, 223, 223}, 
  {0, 0, 0, 0, 0, 0, 0, 0, 0, 0, 0, 0, 0, 197, 0}, 
  {0, 0, 0, 0, 0, 0, 0, 0, 0, 0, 0, 0, 0, 197, 197}
}
  {  {0, 0, 0, 0, 0, 0, 0, 0, 0, 0, 0, 0, 0, 0, 197}, 
  {0, 0, 0, 0, 0, 0, 0, 0, 0, 0, 0, 197, 197, 197, 208}, 
  {0, 0, 0, 0, 0, 0, 0, 0, 0, 0, 0, 0, 197, 197, 197}, 
  {0, 0, 0, 0, 0, 0, 0, 0, 0, 0, 0, 0, 0, 0, 197}, 
  {0, 0, 0, 0, 0, 0, 0, 0, 0, 0, 0, 0, 223, 223, 223}, 
  {0, 0, 0, 0, 0, 0, 0, 0, 0, 0, 0, 223, 223, 223, 223}, 
  {0, 0, 0, 0, 0, 0, 0, 0, 0, 0, 223, 223, 0, 86, 86}, 
  {0, 0, 0, 0, 0, 0, 0, 0, 0, 0, 197, 0, 223, 223, 223}, 
  {0, 0, 0, 0, 0, 0, 0, 0, 0, 0, 0, 0, 0, 197, 0}, 
  {0, 0, 0, 0, 0, 0, 0, 0, 0, 0, 0, 0, 0, 197, 197}
}
  {  {0, 0, 0, 0, 0, 0, 0, 0, 0, 0, 0, 0, 0, 0, 197}, 
  {0, 0, 0, 0, 0, 0, 0, 0, 0, 0, 0, 197, 197, 197, 208}, 
  {0, 0, 0, 0, 0, 0, 0, 0, 0, 0, 0, 0, 197, 197, 197}, 
  {0, 0, 0, 0, 0, 0, 0, 0, 0, 0, 0, 0, 0, 0, 197}, 
  {0, 0, 0, 0, 0, 0, 0, 0, 0, 0, 0, 0, 223, 223, 223}, 
  {0, 0, 0, 0, 0, 0, 0, 0, 0, 0, 0, 223, 223, 223, 223}, 
  {0, 0, 0, 0, 0, 0, 0, 0, 0, 0, 223, 223, 0, 86, 86}, 
  {0, 0, 0, 0, 0, 0, 0, 0, 0, 0, 197, 0, 223, 223, 223}, 
  {0, 0, 0, 0, 0, 0, 0, 0, 0, 0, 0, 0, 0, 197, 0}, 
  {0, 0, 0, 0, 0, 0, 0, 0, 0, 0, 0, 0, 0, 197, 197}
}
  {  {0, 0, 0, 0, 0, 0, 0, 0, 0, 0, 0, 0, 0, 0, 197}, 
  {0, 0, 0, 0, 0, 0, 0, 0, 0, 0, 0, 197, 197, 197, 208}, 
  {0, 0, 0, 0, 0, 0, 0, 0, 0, 0, 0, 0, 197, 197, 197}, 
  {0, 0, 0, 0, 0, 0, 0, 0, 0, 0, 0, 0, 0, 0, 197}, 
  {0, 0, 0, 0, 0, 0, 0, 0, 0, 0, 0, 0, 223, 223, 223}, 
  {0, 0, 0, 0, 0, 0, 0, 0, 0, 0, 0, 223, 223, 223, 223}, 
  {0, 0, 0, 0, 0, 0, 0, 0, 0, 0, 223, 223, 0, 86, 86}, 
  {0, 0, 0, 0, 0, 0, 0, 0, 0, 0, 197, 0, 223, 223, 223}, 
  {0, 0, 0, 0, 0, 0, 0, 0, 0, 0, 0, 0, 0, 197, 0}, 
  {0, 0, 0, 0, 0, 0, 0, 0, 0, 0, 0, 0, 0, 197, 197}
}
  {  {0, 0, 0, 0, 0, 0, 0, 0, 0, 0, 0, 0, 0, 0, 0}, 
  {0, 0, 0, 0, 0, 0, 0, 0, 0, 0, 0, 0, 197, 197, 197}, 
  {0, 0, 0, 0, 0, 0, 0, 0, 0, 0, 0, 0, 0, 197, 197}, 
  {0, 0, 0, 0, 0, 0, 0, 0, 0, 0, 0, 0, 0, 0, 0}, 
  {0, 0, 0, 0, 0, 0, 0, 0, 0, 0, 0, 0, 0, 223, 223}, 
  {0, 0, 0, 0, 0, 0, 0, 0, 0, 0, 0, 0, 223, 223, 223}, 
  {0, 0, 0, 0, 0, 0, 0, 0, 0, 0, 0, 223, 223, 0, 86}, 
  {0, 0, 0, 0, 0, 0, 0, 0, 0, 0, 0, 197, 0, 223, 223}, 
  {0, 0, 0, 0, 0, 0, 0, 0, 0, 0, 0, 0, 0, 0, 197}, 
  {0, 0, 0, 0, 0, 0, 0, 0, 0, 0, 0, 0, 0, 0, 197}
}
  {  {0, 0, 0, 0, 0, 0, 0, 0, 0, 0, 0, 0, 0, 0, 0}, 
  {0, 0, 0, 0, 0, 0, 0, 0, 0, 0, 0, 0, 197, 197, 197}, 
  {0, 0, 0, 0, 0, 0, 0, 0, 0, 0, 0, 0, 0, 197, 197}, 
  {0, 0, 0, 0, 0, 0, 0, 0, 0, 0, 0, 0, 0, 0, 0}, 
  {0, 0, 0, 0, 0, 0, 0, 0, 0, 0, 0, 0, 0, 223, 223}, 
  {0, 0, 0, 0, 0, 0, 0, 0, 0, 0, 0, 0, 223, 223, 223}, 
  {0, 0, 0, 0, 0, 0, 0, 0, 0, 0, 0, 223, 223, 0, 86}, 
  {0, 0, 0, 0, 0, 0, 0, 0, 0, 0, 0, 197, 0, 223, 223}, 
  {0, 0, 0, 0, 0, 0, 0, 0, 0, 0, 0, 0, 0, 0, 197}, 
  {0, 0, 0, 0, 0, 0, 0, 0, 0, 0, 0, 0, 0, 0, 197}
}
  {  {0, 0, 0, 0, 0, 0, 0, 0, 0, 0, 0, 0, 0, 0, 0}, 
  {0, 0, 0, 0, 0, 0, 0, 0, 0, 0, 0, 0, 197, 197, 197}, 
  {0, 0, 0, 0, 0, 0, 0, 0, 0, 0, 0, 0, 0, 197, 197}, 
  {0, 0, 0, 0, 0, 0, 0, 0, 0, 0, 0, 0, 0, 0, 0}, 
  {0, 0, 0, 0, 0, 0, 0, 0, 0, 0, 0, 0, 0, 223, 223}, 
  {0, 0, 0, 0, 0, 0, 0, 0, 0, 0, 0, 0, 223, 223, 223}, 
  {0, 0, 0, 0, 0, 0, 0, 0, 0, 0, 0, 223, 223, 0, 86}, 
  {0, 0, 0, 0, 0, 0, 0, 0, 0, 0, 0, 197, 0, 223, 223}, 
  {0, 0, 0, 0, 0, 0, 0, 0, 0, 0, 0, 0, 0, 197, 197}, 
  {0, 0, 0, 0, 0, 0, 0, 0, 0, 0, 0, 0, 0, 197, 0}
}
  {  {0, 0, 0, 0, 0, 0, 0, 0, 0, 0, 0, 0, 0, 0, 0}, 
  {0, 0, 0, 0, 0, 0, 0, 0, 0, 0, 0, 0, 197, 197, 197}, 
  {0, 0, 0, 0, 0, 0, 0, 0, 0, 0, 0, 0, 0, 197, 197}, 
  {0, 0, 0, 0, 0, 0, 0, 0, 0, 0, 0, 0, 0, 0, 0}, 
  {0, 0, 0, 0, 0, 0, 0, 0, 0, 0, 0, 0, 0, 223, 223}, 
  {0, 0, 0, 0, 0, 0, 0, 0, 0, 0, 0, 0, 223, 223, 223}, 
  {0, 0, 0, 0, 0, 0, 0, 0, 0, 0, 0, 223, 223, 0, 86}, 
  {0, 0, 0, 0, 0, 0, 0, 0, 0, 0, 0, 197, 0, 223, 223}, 
  {0, 0, 0, 0, 0, 0, 0, 0, 0, 0, 0, 0, 0, 197, 197}, 
  {0, 0, 0, 0, 0, 0, 0, 0, 0, 0, 0, 0, 0, 197, 0}
}
  {  {0, 0, 0, 0, 0, 0, 0, 0, 0, 0, 0, 0, 0, 0, 0}, 
  {0, 0, 0, 0, 0, 0, 0, 0, 0, 0, 0, 0, 0, 197, 197}, 
  {0, 0, 0, 0, 0, 0, 0, 0, 0, 0, 0, 0, 0, 0, 197}, 
  {0, 0, 0, 0, 0, 0, 0, 0, 0, 0, 0, 0, 0, 0, 0}, 
  {0, 0, 0, 0, 0, 0, 0, 0, 0, 0, 0, 0, 0, 0, 223}, 
  {0, 0, 0, 0, 0, 0, 0, 0, 0, 0, 0, 0, 0, 223, 223}, 
  {0, 0, 0, 0, 0, 0, 0, 0, 0, 0, 0, 0, 223, 223, 0}, 
  {0, 0, 0, 0, 0, 0, 0, 0, 0, 0, 0, 0, 197, 0, 223}, 
  {0, 0, 0, 0, 0, 0, 0, 0, 0, 0, 0, 0, 0, 0, 197}, 
  {0, 0, 0, 0, 0, 0, 0, 0, 0, 0, 0, 0, 0, 0, 197}
}
  {  {0, 0, 0, 0, 0, 0, 0, 0, 0, 0, 0, 0, 0, 0, 0}, 
  {0, 0, 0, 0, 0, 0, 0, 0, 0, 0, 0, 0, 0, 197, 197}, 
  {0, 0, 0, 0, 0, 0, 0, 0, 0, 0, 0, 0, 0, 0, 197}, 
  {0, 0, 0, 0, 0, 0, 0, 0, 0, 0, 0, 0, 0, 0, 0}, 
  {0, 0, 0, 0, 0, 0, 0, 0, 0, 0, 0, 0, 0, 0, 223}, 
  {0, 0, 0, 0, 0, 0, 0, 0, 0, 0, 0, 0, 0, 223, 223}, 
  {0, 0, 0, 0, 0, 0, 0, 0, 0, 0, 0, 0, 223, 223, 0}, 
  {0, 0, 0, 0, 0, 0, 0, 0, 0, 0, 0, 0, 197, 0, 223}, 
  {0, 0, 0, 0, 0, 0, 0, 0, 0, 0, 0, 0, 0, 0, 0}, 
  {0, 0, 0, 0, 0, 0, 0, 0, 0, 0, 0, 0, 0, 0, 0}
}
  {  {0, 0, 0, 0, 0, 0, 0, 0, 0, 0, 0, 0, 0, 0, 0}, 
  {0, 0, 0, 0, 0, 0, 0, 0, 0, 0, 0, 0, 0, 197, 197}, 
  {0, 0, 0, 0, 0, 0, 0, 0, 0, 0, 0, 0, 0, 0, 197}, 
  {0, 0, 0, 0, 0, 0, 0, 0, 0, 0, 0, 0, 0, 0, 0}, 
  {0, 0, 0, 0, 0, 0, 0, 0, 0, 0, 0, 0, 0, 0, 223}, 
  {0, 0, 0, 0, 0, 0, 0, 0, 0, 0, 0, 0, 0, 223, 223}, 
  {0, 0, 0, 0, 0, 0, 0, 0, 0, 0, 0, 0, 223, 223, 0}, 
  {0, 0, 0, 0, 0, 0, 0, 0, 0, 0, 0, 0, 197, 0, 223}, 
  {0, 0, 0, 0, 0, 0, 0, 0, 0, 0, 0, 0, 0, 0, 0}, 
  {0, 0, 0, 0, 0, 0, 0, 0, 0, 0, 0, 0, 0, 0, 0}
}
  {  {0, 0, 0, 0, 0, 0, 0, 0, 0, 0, 0, 0, 0, 0, 0}, 
  {0, 0, 0, 0, 0, 0, 0, 0, 0, 0, 0, 0, 0, 197, 197}, 
  {0, 0, 0, 0, 0, 0, 0, 0, 0, 0, 0, 0, 0, 0, 197}, 
  {0, 0, 0, 0, 0, 0, 0, 0, 0, 0, 0, 0, 0, 0, 0}, 
  {0, 0, 0, 0, 0, 0, 0, 0, 0, 0, 0, 0, 0, 0, 223}, 
  {0, 0, 0, 0, 0, 0, 0, 0, 0, 0, 0, 0, 0, 223, 223}, 
  {0, 0, 0, 0, 0, 0, 0, 0, 0, 0, 0, 0, 223, 223, 0}, 
  {0, 0, 0, 0, 0, 0, 0, 0, 0, 0, 0, 0, 197, 0, 223}, 
  {0, 0, 0, 0, 0, 0, 0, 0, 0, 0, 0, 0, 0, 0, 0}, 
  {0, 0, 0, 0, 0, 0, 0, 0, 0, 0, 0, 0, 0, 0, 0}
}
  {  {0, 0, 0, 0, 0, 0, 0, 0, 0, 0, 0, 0, 0, 0, 0}, 
  {0, 0, 0, 0, 0, 0, 0, 0, 0, 0, 0, 0, 0, 0, 197}, 
  {0, 0, 0, 0, 0, 0, 0, 0, 0, 0, 0, 0, 0, 0, 0}, 
  {0, 0, 0, 0, 0, 0, 0, 0, 0, 0, 0, 0, 0, 0, 0}, 
  {0, 0, 0, 0, 0, 0, 0, 0, 0, 0, 0, 0, 0, 0, 0}, 
  {0, 0, 0, 0, 0, 0, 0, 0, 0, 0, 0, 0, 0, 0, 223}, 
  {0, 0, 0, 0, 0, 0, 0, 0, 0, 0, 0, 0, 0, 223, 223}, 
  {0, 0, 0, 0, 0, 0, 0, 0, 0, 0, 0, 0, 0, 197, 0}, 
  {0, 0, 0, 0, 0, 0, 0, 0, 0, 0, 0, 0, 0, 0, 0}, 
  {0, 0, 0, 0, 0, 0, 0, 0, 0, 0, 0, 0, 0, 0, 0}
}
  {  {0, 0, 0, 0, 0, 0, 0, 0, 0, 0, 0, 0, 0, 0, 0}, 
  {0, 0, 0, 0, 0, 0, 0, 0, 0, 0, 0, 0, 0, 0, 197}, 
  {0, 0, 0, 0, 0, 0, 0, 0, 0, 0, 0, 0, 0, 0, 0}, 
  {0, 0, 0, 0, 0, 0, 0, 0, 0, 0, 0, 0, 0, 0, 0}, 
  {0, 0, 0, 0, 0, 0, 0, 0, 0, 0, 0, 0, 0, 0, 0}, 
  {0, 0, 0, 0, 0, 0, 0, 0, 0, 0, 0, 0, 0, 0, 223}, 
  {0, 0, 0, 0, 0, 0, 0, 0, 0, 0, 0, 0, 0, 223, 223}, 
  {0, 0, 0, 0, 0, 0, 0, 0, 0, 0, 0, 0, 0, 197, 0}, 
  {0, 0, 0, 0, 0, 0, 0, 0, 0, 0, 0, 0, 0, 0, 0}, 
  {0, 0, 0, 0, 0, 0, 0, 0, 0, 0, 0, 0, 0, 0, 0}
}
  {  {0, 0, 0, 0, 0, 0, 0, 0, 0, 0, 0, 0, 0, 0, 0}, 
  {0, 0, 0, 0, 0, 0, 0, 0, 0, 0, 0, 0, 0, 0, 197}, 
  {0, 0, 0, 0, 0, 0, 0, 0, 0, 0, 0, 0, 0, 0, 0}, 
  {0, 0, 0, 0, 0, 0, 0, 0, 0, 0, 0, 0, 0, 0, 0}, 
  {0, 0, 0, 0, 0, 0, 0, 0, 0, 0, 0, 0, 0, 0, 0}, 
  {0, 0, 0, 0, 0, 0, 0, 0, 0, 0, 0, 0, 0, 0, 223}, 
  {0, 0, 0, 0, 0, 0, 0, 0, 0, 0, 0, 0, 0, 223, 223}, 
  {0, 0, 0, 0, 0, 0, 0, 0, 0, 0, 0, 0, 0, 197, 0}, 
  {0, 0, 0, 0, 0, 0, 0, 0, 0, 0, 0, 0, 0, 0, 0}, 
  {0, 0, 0, 0, 0, 0, 0, 0, 0, 0, 0, 0, 0, 0, 0}
}
  {  {0, 0, 0, 0, 0, 0, 0, 0, 0, 0, 0, 0, 0, 0, 0}, 
  {0, 0, 0, 0, 0, 0, 0, 0, 0, 0, 0, 0, 0, 0, 197}, 
  {0, 0, 0, 0, 0, 0, 0, 0, 0, 0, 0, 0, 0, 0, 0}, 
  {0, 0, 0, 0, 0, 0, 0, 0, 0, 0, 0, 0, 0, 0, 0}, 
  {0, 0, 0, 0, 0, 0, 0, 0, 0, 0, 0, 0, 0, 0, 0}, 
  {0, 0, 0, 0, 0, 0, 0, 0, 0, 0, 0, 0, 0, 0, 223}, 
  {0, 0, 0, 0, 0, 0, 0, 0, 0, 0, 0, 0, 0, 223, 223}, 
  {0, 0, 0, 0, 0, 0, 0, 0, 0, 0, 0, 0, 0, 197, 0}, 
  {0, 0, 0, 0, 0, 0, 0, 0, 0, 0, 0, 0, 0, 0, 0}, 
  {0, 0, 0, 0, 0, 0, 0, 0, 0, 0, 0, 0, 0, 0, 0}
}
  {  {0, 0, 0, 0, 0, 0, 0, 0, 0, 0, 0, 0, 0, 0, 0}, 
  {0, 0, 0, 0, 0, 0, 0, 0, 0, 0, 0, 0, 0, 0, 0}, 
  {0, 0, 0, 0, 0, 0, 0, 0, 0, 0, 0, 0, 0, 0, 0}, 
  {0, 0, 0, 0, 0, 0, 0, 0, 0, 0, 0, 0, 0, 0, 0}, 
  {0, 0, 0, 0, 0, 0, 0, 0, 0, 0, 0, 0, 0, 0, 0}, 
  {0, 0, 0, 0, 0, 0, 0, 0, 0, 0, 0, 0, 0, 0, 0}, 
  {0, 0, 0, 0, 0, 0, 0, 0, 0, 0, 0, 0, 0, 0, 223}, 
  {0, 0, 0, 0, 0, 0, 0, 0, 0, 0, 0, 0, 0, 0, 197}, 
  {0, 0, 0, 0, 0, 0, 0, 0, 0, 0, 0, 0, 0, 0, 0}, 
  {0, 0, 0, 0, 0, 0, 0, 0, 0, 0, 0, 0, 0, 0, 0}
}
  {  {0, 0, 0, 0, 0, 0, 0, 0, 0, 0, 0, 0, 0, 0, 0}, 
  {0, 0, 0, 0, 0, 0, 0, 0, 0, 0, 0, 0, 0, 0, 0}, 
  {0, 0, 0, 0, 0, 0, 0, 0, 0, 0, 0, 0, 0, 0, 0}, 
  {0, 0, 0, 0, 0, 0, 0, 0, 0, 0, 0, 0, 0, 0, 0}, 
  {0, 0, 0, 0, 0, 0, 0, 0, 0, 0, 0, 0, 0, 0, 0}, 
  {0, 0, 0, 0, 0, 0, 0, 0, 0, 0, 0, 0, 0, 0, 0}, 
  {0, 0, 0, 0, 0, 0, 0, 0, 0, 0, 0, 0, 0, 0, 223}, 
  {0, 0, 0, 0, 0, 0, 0, 0, 0, 0, 0, 0, 0, 0, 197}, 
  {0, 0, 0, 0, 0, 0, 0, 0, 0, 0, 0, 0, 0, 0, 0}, 
  {0, 0, 0, 0, 0, 0, 0, 0, 0, 0, 0, 0, 0, 0, 0}
}
  {  {0, 0, 0, 0, 0, 0, 0, 0, 0, 0, 0, 0, 0, 0, 0}, 
  {0, 0, 0, 0, 0, 0, 0, 0, 0, 0, 0, 0, 0, 0, 0}, 
  {0, 0, 0, 0, 0, 0, 0, 0, 0, 0, 0, 0, 0, 0, 0}, 
  {0, 0, 0, 0, 0, 0, 0, 0, 0, 0, 0, 0, 0, 0, 0}, 
  {0, 0, 0, 0, 0, 0, 0, 0, 0, 0, 0, 0, 0, 0, 0}, 
  {0, 0, 0, 0, 0, 0, 0, 0, 0, 0, 0, 0, 0, 0, 0}, 
  {0, 0, 0, 0, 0, 0, 0, 0, 0, 0, 0, 0, 0, 0, 223}, 
  {0, 0, 0, 0, 0, 0, 0, 0, 0, 0, 0, 0, 0, 0, 197}, 
  {0, 0, 0, 0, 0, 0, 0, 0, 0, 0, 0, 0, 0, 0, 0}, 
  {0, 0, 0, 0, 0, 0, 0, 0, 0, 0, 0, 0, 0, 0, 0}
}
  {  {0, 0, 0, 0, 0, 0, 0, 0, 0, 0, 0, 0, 0, 0, 0}, 
  {0, 0, 0, 0, 0, 0, 0, 0, 0, 0, 0, 0, 0, 0, 0}, 
  {0, 0, 0, 0, 0, 0, 0, 0, 0, 0, 0, 0, 0, 0, 0}, 
  {0, 0, 0, 0, 0, 0, 0, 0, 0, 0, 0, 0, 0, 0, 0}, 
  {0, 0, 0, 0, 0, 0, 0, 0, 0, 0, 0, 0, 0, 0, 0}, 
  {0, 0, 0, 0, 0, 0, 0, 0, 0, 0, 0, 0, 0, 0, 0}, 
  {0, 0, 0, 0, 0, 0, 0, 0, 0, 0, 0, 0, 0, 0, 223}, 
  {0, 0, 0, 0, 0, 0, 0, 0, 0, 0, 0, 0, 0, 0, 208}, 
  {0, 0, 0, 0, 0, 0, 0, 0, 0, 0, 0, 0, 0, 0, 0}, 
  {0, 0, 0, 0, 0, 0, 0, 0, 0, 0, 0, 0, 0, 0, 0}
}
  {  {0, 0, 0, 0, 0, 0, 0, 0, 0, 0, 0, 0, 0, 0, 0}, 
  {0, 0, 0, 0, 0, 0, 0, 0, 0, 0, 0, 0, 0, 0, 0}, 
  {0, 0, 0, 0, 0, 0, 0, 0, 0, 0, 0, 0, 0, 0, 0}, 
  {0, 0, 0, 0, 0, 0, 0, 0, 0, 0, 0, 0, 0, 0, 0}, 
  {0, 0, 0, 0, 0, 0, 0, 0, 0, 0, 0, 0, 0, 0, 0}, 
  {0, 0, 0, 0, 0, 0, 0, 0, 0, 0, 0, 0, 0, 0, 0}, 
  {0, 0, 0, 0, 0, 0, 0, 0, 0, 0, 0, 0, 0, 0, 0}, 
  {0, 0, 0, 0, 0, 0, 0, 0, 0, 0, 0, 0, 0, 0, 0}, 
  {0, 0, 0, 0, 0, 0, 0, 0, 0, 0, 0, 0, 0, 0, 0}, 
  {0, 0, 0, 0, 0, 0, 0, 0, 0, 0, 0, 0, 0, 0, 0}
}
